version = H013192-1.0.0.4R GameID = 101001, Coin in = 625, currency denom = 0.002000, betMultiplier = 0,feature bet = 0, denom Multiplier = 0 
TotalSpin = 100000000, TotalBet = 62500000000
=======================Total RTP=======================================
BaseGameRtp = 0.610784
ScatterRtp = 0.012155
FreeGameRtp = 0.306562
TotalRtp (excluding JP/bonus) = 0.929500
BonusJP Rtp = 0.019969
LinkJP Rtp = 0.000000
TotalRtp (including JP/bonus) = 0.949470
=======================BaseGame info=======================================
BaseGameTTLWin = 38933641050
BG SymbolHit[3][0] = 821901
BG SymbolHit[3][1] = 72
BG SymbolHit[4][0] = 36071859
BG SymbolHit[4][1] = 6004127
BG SymbolHit[4][2] = 219
BG SymbolHit[5][0] = 11866105
BG SymbolHit[5][1] = 1583982
BG SymbolHit[5][2] = 21395
BG SymbolHit[6][0] = 37300100
BG SymbolHit[6][1] = 8248146
BG SymbolHit[6][2] = 460995
BG SymbolHit[7][0] = 5769258
BG SymbolHit[7][1] = 353945
BG SymbolHit[7][2] = 7499
BG SymbolHit[8][0] = 681161
BG SymbolHit[8][1] = 34033
BG SymbolHit[8][2] = 1371
BG SymbolHit[9][0] = 34097959
BG SymbolHit[9][1] = 5498733
BG SymbolHit[9][2] = 345652
BG SymbolHit[10][0] = 35438921
BG SymbolHit[10][1] = 5963570
BG SymbolHit[10][2] = 381217
BG SymbolHit[11][0] = 128250202
BG SymbolHit[11][1] = 43873831
BG SymbolHit[11][2] = 5474996
BG WheelTable[0] Count = 464480
BG WheelTable[1] Count = 99535520
BG FeatureHit[0] = 728
BG FeatureHit[1] = 27639
BG FeatureHit[2] = 436113
BG FeatureHit[3] = 162976
=======================FreeGame info=======================================
FreeGameTTLRound = 5108810
FreeGameTTLWin = 19160136050
FG SymbolHit[3][0] = 29784
FG SymbolHit[3][1] = 965
FG SymbolHit[3][2] = 36
FG SymbolHit[4][0] = 508360
FG SymbolHit[4][1] = 34854
FG SymbolHit[4][2] = 1195
FG SymbolHit[5][0] = 341160
FG SymbolHit[5][1] = 29971
FG SymbolHit[5][2] = 838
FG SymbolHit[6][0] = 1223845
FG SymbolHit[6][1] = 198528
FG SymbolHit[6][2] = 11937
FG SymbolHit[7][0] = 275925
FG SymbolHit[7][1] = 24876
FG SymbolHit[7][2] = 524
FG SymbolHit[8][0] = 1989073
FG SymbolHit[8][1] = 383286
FG SymbolHit[8][2] = 27797
FG SymbolHit[9][0] = 3603336
FG SymbolHit[9][1] = 895018
FG SymbolHit[9][2] = 93490
FG SymbolHit[10][0] = 3981479
FG SymbolHit[10][1] = 1121186
FG SymbolHit[10][2] = 162111
FG SymbolHit[11][0] = 5170580
FG SymbolHit[11][1] = 1660550
FG SymbolHit[11][2] = 285319
FG Wheel Table [0] Count = 4087048
FG Wheel Table [1] Count = 1021762
FG FeatureHit[1] = 312
FG FeatureHit[2] = 7058
FG FeatureHit[3] = 85432
FG FeatureHit[4] = 7046
=======================JP info=======================================
LinkJP RTP = 0.000000
BonusJP RTP = 0.019969
JPTotalRound = 170022, avgPeriod = 588.159180
pool[1] hit = 0, ttlWin = 0, avg = 0
pool[2] hit = 0, ttlWin = 0, avg = 0
pool[3] hit = 19899, ttlWin = 99495000, avg = 5000, rtp = 0.007960
pool[4] hit = 150123, ttlWin = 150123000, avg = 1000, rtp = 0.012010
BGC1hit[1] hit = 38062124, FGC1hit[1] = 1764709
BGC1hit[2] hit = 13398891, FGC1hit[2] = 479384
BGC1hit[3] hit = 2641846, FGC1hit[3] = 85432
BGC1hit[4] hit = 156502, FGC1hit[4] = 7058
BGC1hit[5] hit = 6422, FGC1hit[5] = 312
BGC1hit[6] hit = 84, FGC1hit[6] = 0
BG reelC1hit[1] hit = 12843331, FG reelC1hit[1] = 2286046
BG reelC1hit[2] hit = 18310952, FG reelC1hit[2] = 3593588
BG reelC1hit[3] hit = 5930306, FG reelC1hit[3] = 2295009
BG reelC1hit[4] hit = 12160399, FG reelC1hit[4] = 4901780
BG reelC1hit[5] hit = 12010981, FG reelC1hit[5] = 1878930
BG reelC1hit[6] hit = 12188097, FG reelC1hit[6] = 4114943
=======================BaseGame 倍數=======================================
BaseGame 00 = 60322466
BaseGame 0x = 22086543, Pay = 5223082075, 1C1 = 8960920, 2C1 = 3715772, 3C1 = 794123, 4C1 = null, 5C1 = null
BaseGame 1x = 7643662, Pay = 7383197900, 1C1 = 3008107, 2C1 = 1136479, 3C1 = 226160, 4C1 = null, 5C1 = null
BaseGame 2x = 3790569, Pay = 5963347750, 1C1 = 1558770, 2C1 = 743159, 3C1 = 182584, 4C1 = null, 5C1 = null
BaseGame 3x = 2177660, Pay = 4802134375, 1C1 = 883211, 2C1 = 406839, 3C1 = 97537, 4C1 = null, 5C1 = null
BaseGame 4x = 1109406, Pay = 3085586900, 1C1 = 461378, 2C1 = 267104, 3C1 = 76633, 4C1 = null, 5C1 = null
BaseGame 5x = 643012, Pay = 2228450475, 1C1 = 262506, 2C1 = 164703, 3C1 = 52048, 4C1 = null, 5C1 = null
BaseGame 6x = 442038, Pay = 1784883100, 1C1 = 180664, 2C1 = 117592, 3C1 = 38799, 4C1 = null, 5C1 = null
BaseGame 7x = 477489, Pay = 2346562325, 1C1 = 175007, 2C1 = 66161, 3C1 = 15610, 4C1 = null, 5C1 = null
BaseGame 8x = 378441, Pay = 2003015425, 1C1 = 153095, 2C1 = 67064, 3C1 = 15313, 4C1 = null, 5C1 = null
BaseGame 9x = 248629, Pay = 1489548050, 1C1 = 100360, 2C1 = 44772, 3C1 = 10554, 4C1 = null, 5C1 = null
BaseGame 10x = 215605, Pay = 1462134575, 1C1 = 88895, 2C1 = 47834, 3C1 = 13682, 4C1 = null, 5C1 = null
=======================Base Game RNG INFO=======================================
Base Game RNG[10x] = [986998172, 0, 32, 136, 125, 25, 26, 16, 6186349810]
Base Game RNG[20x] = [999223578, 965394427, 0, 48, 63, 159, 133, 49, 2, 7678544852, 0, 1, 2, 77, 76, 6, 131, 98, 22, 67921, 17073, 4025060691, 54, 39, 77, 64, 40, 94, 72471, 62, 122, 123, 73, 22, 57, 42, 20, 2, 92, 48, 73, 67754, 121, 52, 89, 109, 101, 53, 4731160982, 184, 116, 130, 76, 74, 71, 34698, 67919, 57811, 6149595641, 162, 5, 150, 111, 110, 114, 44545, 161, 18, 32, 172, 175, 86, 40412, 38117, 139, 5, 69, 50, 147, 179, 73030, 2081994927, 8, 120, 19, 95, 98, 35, 23592, 3191839308]
Base Game RNG[30x] = [997626645, 299615522, 0, 100, 48, 13, 156, 39, 28, 7185997625, 0, 1, 7, 153, 42, 100, 129, 131, 181, 80, 34, 30, 38, 19, 54, 14224, 183, 151, 20, 169, 113, 188, 51841, 40119, 5689054311, 27, 85, 5, 54, 103, 108, 65436, 389574024, 189, 45, 195, 68, 96, 170, 4, 184, 54, 23, 71, 121, 9410584543, 32, 54, 95, 44, 163, 56, 143, 152, 70, 13, 154, 21, 54442, 3647, 5666609332, 68, 63, 79, 80, 97, 8, 3341706295, 65, 19, 151, 141, 199, 33, 8076]
Base Game RNG[80x] = [997074944, 334568032, 0, 26, 156, 11, 115, 187, 135, 4011493692, 0, 7, 2, 31, 21, 84, 44, 116, 152, 127, 101, 162, 163, 111, 46, 662455507, 44, 78, 61, 7, 59, 49, 17706, 120, 103, 2, 128, 173, 74, 60488, 38226, 8486966725, 99, 14, 92, 176, 190, 77, 58212, 9184, 139, 177, 82, 1, 4, 73, 8635384094, 170, 155, 98, 124, 138, 8, 37388, 73854, 1, 52, 35, 40, 53, 73, 32049, 3537530647, 36, 86, 12, 172, 173, 105, 56624, 26, 6, 65, 75, 160, 85]
Base Game RNG[90x] = [996256997, 164675906, 0, 45, 27, 27, 45, 89, 4, 6189831396, 0, 9, 0, 24, 41, 9, 11, 36, 3, 37316, 3546, 96, 65, 37, 82, 32, 24, 20843, 90, 156, 167, 114, 149, 14, 40795, 4229275888, 160, 78, 31, 85, 103, 71, 9321591488, 51, 148, 195, 115, 169, 147, 6917973273, 20, 186, 147, 89, 89, 61, 9179398187, 192, 97, 33, 81, 115, 110, 180, 18, 155, 37, 76, 185, 57489, 64593, 24062, 62210, 4905987914, 98, 138, 81, 107, 199, 184, 8621, 21032, 5525205316, 69, 31, 6, 61, 2, 85, 58913, 26644, 40714]
=======================Base Game C1 RNG INFO=======================================
Base Game C1[3] = [91821627, 0, 91, 175, 63, 49, 106, 127, 4814670795]
Base Game C1[4] = [996200462, 963606372, 0, 170, 18, 135, 112, 83, 108, 1804232361, 0, 0, 2, 84, 21, 58, 2, 70, 54, 31835, 173, 67, 113, 17, 34, 43, 20255, 78973, 166, 199, 51, 173, 189, 4, 46695, 67456, 9157145369, 22, 86, 63, 33, 61, 80, 51586, 96, 133, 45, 51, 24, 15, 8304048458, 0, 33, 11, 44, 75, 102, 178, 8108, 7761318914, 132, 95, 145, 62, 33, 62, 10920, 55172, 1513766400, 105, 1, 53, 148, 59, 31, 11, 96, 110, 74, 47, 87, 47561, 95, 106, 62, 132, 147, 65, 19398, 3863824635, 60, 3, 0, 81, 21, 64, 69627, 83, 25, 159, 118, 145, 33, 158, 87, 5, 121, 26, 23, 72611, 57, 28, 137, 185, 56, 194, 72054, 13, 47, 22, 175, 91, 99, 17166, 5274577838]
Base Game C1[5] = [999104434, 305100227, 0, 25, 129, 7, 37, 193, 197, 181239960, 0, 9, 0, 94, 79, 30, 88, 59, 99, 27143, 22736, 4, 51, 144, 24, 20, 152, 1636633292, 172, 4, 21, 60, 121, 26, 1285207152, 56, 59, 101, 89, 27, 53, 97, 104, 172, 170, 12, 63, 26201, 1988498032, 0, 137, 51, 15, 35, 134, 57, 25503, 1365140861, 27, 4, 23, 4, 147, 141, 2698, 60643, 7874033597, 69, 5, 5, 74, 75, 175, 40566, 60, 132, 17, 109, 33, 106, 9247, 35348, 8086906535, 14, 11, 10, 42, 95, 19, 71945, 288772761, 27, 6, 90, 31, 7, 79, 21419, 25545, 199, 85, 131, 148, 38, 81, 12573, 11898, 66, 197, 49, 28, 9, 67, 20525, 19469, 613003584, 57, 45, 153, 113, 47, 34, 408630240, 68, 113, 194, 199, 99, 55, 5731008887]
Base Game C1[6] = [997556198, 784061906, 0, 12, 107, 157, 150, 87, 128, 1432435733, 0, 2, 3, 5, 24, 171, 50, 18, 3, 68313, 94, 198, 189, 12, 191, 186, 41340, 23844, 2997530821, 23, 76, 49, 67, 90, 94, 73826, 78465, 2417989614, 161, 91, 64, 81, 146, 86, 53452, 39, 29, 60, 15, 16, 91, 78421, 100, 144, 115, 90, 1, 131, 10823, 4144826057, 175, 181, 58, 178, 69, 59, 63269, 68, 111, 185, 52, 72, 113, 42579, 8385238279, 95, 199, 47, 126, 170, 190, 2278285064, 134, 87, 61, 68, 189, 183, 31458, 36222, 30527, 6235331312]
=======================整場FreeGame 倍數=======================================
FreeGame 00 = 0
FreeGame 4000x = 33822, Pay = 1036390625, 1C1 = 126204, 2C1 = 33981, 3C1 = 5041, 4C1 = 362, 5C1 = 7
FreeGame 5000x = 151212, Pay = 5187775775, 1C1 = 568056, 2C1 = 153180, 3C1 = 24468, 4C1 = 1839, 5C1 = 79
FreeGame 6000x = 114754, Pay = 4637122600, 1C1 = 436571, 2C1 = 118483, 3C1 = 21114, 4C1 = 1714, 5C1 = 78
FreeGame 7000x = 90407, Pay = 4231889325, 1C1 = 346797, 2C1 = 94727, 3C1 = 18247, 4C1 = 1558, 5C1 = 82
FreeGame 8000x = 49224, Pay = 2610563700, 1C1 = 189829, 2C1 = 52167, 3C1 = 10697, 4C1 = 996, 5C1 = 44
FreeGame 9000x = 25061, Pay = 1456394025, 1C1 = 97252, 2C1 = 26846, 3C1 = 5865, 4C1 = 589, 5C1 = 22
=======================FreeGame 單round 倍數=======================================
FreeOneRound 0x = 232001, Pay = 206290625
FreeOneRound 1x = 160966, Pay = 239207600
FreeOneRound 2x = 133840, Pay = 283845000
FreeOneRound 3x = 112903, Pay = 314059500
FreeOneRound 4x = 69480, Pay = 234988325
FreeOneRound 5x = 79822, Pay = 315693675
FreeOneRound 6x = 70412, Pay = 326108550
FreeOneRound 7x = 61501, Pay = 322649900
FreeOneRound 8x = 57396, Pay = 338154625
FreeOneRound 9x = 51182, Pay = 334060575
FreeOneRound 10x = 189277, Pay = 1571864750
FreeOneRound 15x = 143671, Pay = 1640266950
FreeOneRound 20x = 108764, Pay = 1588478550
FreeOneRound 25x = 83503, Pay = 1481051925
FreeOneRound 30x = 72297, Pay = 1504457575
FreeOneRound 35x = 64109, Pay = 1537858450
FreeOneRound 40x = 49059, Pay = 1329084325
FreeOneRound 45x = 45989, Pay = 1387724450
FreeOneRound 50x = 56572, Pay = 1962702100
FreeOneRound 60x = 29001, Pay = 1186816250
FreeOneRound 70x = 13748, Pay = 646490925
FreeOneRound 80x = 4592, Pay = 244058725
FreeOneRound 90x = 562, Pay = 32614500
=======================FreeGame RNG INFO=======================================
Free Game RNG[40x] = [999197407, 190306208, 0, 27, 190, 192, 117, 41, 3, 7756100148, 0, 9, 5, 140, 106, 86, 163, 111, 165, 2498211781, 2, 127, 53, 106, 156, 182, 114, 32650, 9849690486, 55, 63, 27, 160, 166, 159, 36, 16, 35, 58, 111, 182, 68640, 185, 65, 38, 174, 77, 188, 86, 76, 71, 51, 29, 63, 44095, 921546479, 159, 70, 9, 124, 143, 69, 28265, 185, 155, 129, 70, 84, 51, 76095, 13, 23, 6, 136, 75, 78, 58209, 33527, 4149212364, 58, 69, 80, 2, 78, 71, 48869, 9, 142, 70, 60, 57, 10, 59877, 7782049572, 61, 79, 187, 79, 183, 166, 9593017957, 75, 60, 67, 75, 34, 26, 3539, 55194, 4340637905, 52, 192, 127, 116, 169, 68, 5313643163, 5, 170, 191, 69, 100, 164, 385353126]
Free Game RNG[50x] = [995950310, 386283582, 0, 19, 169, 160, 176, 65, 198, 1316530575, 0, 1, 2, 147, 177, 144, 53, 41, 12, 1503579086, 0, 31, 41, 45, 72, 1, 26, 12629, 34140, 9243250171, 144, 76, 76, 147, 33, 120, 18787, 7002375524, 82, 27, 31, 13, 61, 32, 9775, 34, 24, 33, 88, 196, 192, 12734, 159, 11, 50, 31, 120, 49, 1127, 17007, 35, 5, 50, 7, 126, 76, 132, 118, 129, 165, 72, 7, 73087, 10781, 80403534, 169, 117, 41, 23, 134, 6, 35761, 8250, 136, 172, 66, 147, 65, 184, 42404, 11, 70, 71, 15, 20, 40, 52198, 19537, 128, 100, 145, 52, 33, 34, 77566, 4003594304, 100, 122, 11, 179, 43, 66, 67, 70, 56, 51, 168, 37, 48719, 24108, 1879955439, 136, 68, 80, 93, 57, 67, 55720, 7624205276]
Free Game RNG[60x] = [996918949, 569233484, 0, 89, 155, 160, 109, 195, 136, 6041656602, 0, 4, 7, 89, 7, 115, 120, 103, 188, 62541, 21053, 8033855454, 7, 65, 5, 104, 100, 33, 56355, 7744602975, 169, 53, 38, 34, 106, 1, 3288, 76833, 621387236, 5, 11, 15, 24, 198, 137, 319, 4239, 55487, 25, 10, 54, 74, 13, 44, 564, 31236, 3637699312, 46, 181, 184, 191, 172, 116, 315, 61, 189, 13, 12, 12, 115, 52681, 71, 138, 129, 113, 151, 86, 19509, 42881, 9877119708, 93, 17, 88, 32, 67, 2, 42344, 17336, 35611, 177, 116, 48, 176, 150, 50, 38730, 68671]
Free Game RNG[70x] = [998578199, 677695421, 0, 172, 19, 18, 48, 184, 137, 5207584819, 0, 6, 7, 93, 133, 168, 24, 75, 98, 1457094878, 158, 36, 123, 42, 71, 67, 3669292965, 149, 79, 165, 149, 120, 115, 47892, 173, 124, 190, 123, 131, 186, 65599, 13, 169, 74, 148, 191, 168, 50232, 41000, 1216516206, 12, 43, 143, 199, 26, 120, 46409, 5209995275, 1, 77, 38, 23, 74, 58, 60, 15471, 9402969339, 3, 66, 9, 88, 64, 74, 133, 24034, 49, 34, 74, 30, 26, 89, 23618, 2, 170, 129, 176, 29, 164, 62884, 74267, 2596371291, 53, 107, 24, 94, 67, 173, 427291627, 35, 14, 55, 2, 84, 11, 67190, 1711039508, 168, 93, 144, 25, 96, 145, 2929, 31185, 359669571, 129, 142, 194, 41, 159, 117, 12456, 38809, 170, 9, 40, 139, 96, 84, 33931, 77, 156, 163, 82, 117, 83, 67396, 0, 55, 79, 65, 72, 43, 177, 40, 175, 69, 70, 24, 59913, 80, 16, 6, 66, 49, 90, 528, 6528428519, 83, 22, 194, 19, 18, 136, 46121]
Free Game RNG[80x] = [996200462, 963606372, 0, 170, 18, 135, 112, 83, 108, 1804232361, 0, 0, 2, 84, 21, 58, 2, 70, 54, 31835, 173, 67, 113, 17, 34, 43, 20255, 78973, 166, 199, 51, 173, 189, 4, 46695, 67456, 9157145369, 22, 86, 63, 33, 61, 80, 51586, 96, 133, 45, 51, 24, 15, 8304048458, 0, 33, 11, 44, 75, 102, 178, 8108, 7761318914, 132, 95, 145, 62, 33, 62, 10920, 55172, 1513766400, 105, 1, 53, 148, 59, 31, 11, 96, 110, 74, 47, 87, 47561, 95, 106, 62, 132, 147, 65, 19398, 3863824635, 60, 3, 0, 81, 21, 64, 69627, 83, 25, 159, 118, 145, 33, 158, 87, 5, 121, 26, 23, 72611, 57, 28, 137, 185, 56, 194, 72054, 13, 47, 22, 175, 91, 99, 17166, 5274577838]
Free Game RNG[90x] = [998719218, 921020571, 0, 98, 116, 8, 49, 121, 176, 3822714728, 0, 7, 3, 156, 94, 74, 137, 72, 58, 48805, 65, 161, 153, 186, 22, 167, 3394, 4762346853, 111, 14, 134, 145, 143, 83, 7193, 77252, 32461, 57, 58, 76, 61, 41, 19, 28674, 17630, 144, 187, 68, 93, 189, 149, 63779, 46196, 6579736360, 21, 104, 116, 96, 9, 32, 38965, 7140602312, 126, 185, 194, 106, 140, 123, 1168292133, 99, 89, 57, 4, 61, 67, 9223, 35389, 53111, 31366, 74, 2, 114, 30, 193, 143, 34595, 49974, 169, 18, 80, 154, 69, 158]
=======================FreeGame C1 RNG INFO=======================================
Free Game C1[3] = [996200462, 963606372, 0, 170, 18, 135, 112, 83, 108, 1804232361, 0, 0, 2, 84, 21, 58, 2, 70, 54, 31835, 173, 67, 113, 17, 34, 43, 20255, 78973, 166, 199, 51, 173, 189, 4, 46695, 67456, 9157145369, 22, 86, 63, 33, 61, 80, 51586, 96, 133, 45, 51, 24, 15, 8304048458, 0, 33, 11, 44, 75, 102, 178, 8108, 7761318914, 132, 95, 145, 62, 33, 62, 10920, 55172, 1513766400, 105, 1, 53, 148, 59, 31, 11, 96, 110, 74, 47, 87, 47561, 95, 106, 62, 132, 147, 65, 19398, 3863824635, 60, 3, 0, 81, 21, 64, 69627, 83, 25, 159, 118, 145, 33, 158, 87, 5, 121, 26, 23, 72611, 57, 28, 137, 185, 56, 194, 72054, 13, 47, 22, 175, 91, 99, 17166, 5274577838]
Free Game C1[4] = [999060010, 639001498, 0, 92, 113, 32, 151, 6, 64, 8176320442, 0, 0, 4, 68, 46, 86, 16, 78, 38, 27, 21, 67, 102, 149, 80, 62063, 80, 68, 99, 192, 125, 36, 48866, 35, 61, 198, 147, 181, 154, 111, 42, 55, 96, 12, 17, 10, 73, 44, 20, 32, 77, 65694, 58163, 14014, 67747, 9861372967, 57, 86, 2, 138, 138, 37, 7852, 45, 4, 120, 193, 129, 158, 79, 151, 159, 8, 28, 59, 77209, 6639313433, 130, 148, 147, 39, 140, 77, 1809465902, 0, 84, 60, 15, 56, 96, 15, 75412, 34708, 6341914169, 172, 184, 120, 135, 119, 3, 58552, 119, 127, 135, 58, 177, 92, 59, 74, 121, 108, 42, 68, 1336832899, 173, 10, 21, 63, 8, 107, 47062, 75371, 4528531192]
Free Game C1[5] = [995655388, 913279826, 0, 94, 172, 83, 149, 197, 129, 223097923, 0, 0, 6, 76, 68, 98, 46, 84, 17, 7623367550, 3, 164, 2, 167, 149, 77, 103, 125, 76, 61, 49, 177, 149, 41045, 57111, 39, 97, 40, 6, 181, 139, 77692, 77233, 66, 76, 133, 79, 60, 116, 17331, 21344, 120, 41, 171, 1, 71, 149, 148, 174, 73, 144, 115, 30, 44, 6, 10, 31, 0, 88, 6974, 14220, 106, 91, 167, 128, 5, 188, 33447, 5477, 9, 25, 36, 115, 133, 59, 128, 101, 112, 174, 111, 39, 7, 10, 159, 185, 110, 110, 27264, 62, 165, 2, 32, 66, 112, 60449, 42610, 3220, 59291, 1722141074, 4, 9, 87, 30, 27, 93, 195, 41, 40, 182, 130, 194]
=======================整場Top Up Game 倍數=======================================
=======================by Game Data=======================================
BG_eliminateSymbolHit[10][0] = 27189711
BG_eliminateSymbolHit[10][1] = 4730690
BG_eliminateSymbolHit[10][2] = 437078
BG_eliminateSymbolHit[11][0] = 37719194
BG_eliminateSymbolHit[11][1] = 9899922
BG_eliminateSymbolHit[11][2] = 1214195
BG_eliminateSymbolHit[3][0] = 703107
BG_eliminateSymbolHit[3][1] = 446
BG_eliminateSymbolHit[4][0] = 35673603
BG_eliminateSymbolHit[4][1] = 3560641
BG_eliminateSymbolHit[4][2] = 1347
BG_eliminateSymbolHit[5][0] = 13357086
BG_eliminateSymbolHit[5][1] = 1667044
BG_eliminateSymbolHit[5][2] = 109
BG_eliminateSymbolHit[6][0] = 28328379
BG_eliminateSymbolHit[6][1] = 5515764
BG_eliminateSymbolHit[6][2] = 100914
BG_eliminateSymbolHit[7][0] = 5282270
BG_eliminateSymbolHit[7][1] = 435492
BG_eliminateSymbolHit[7][2] = 4693
BG_eliminateSymbolHit[8][0] = 1605378
BG_eliminateSymbolHit[8][1] = 160516
BG_eliminateSymbolHit[8][2] = 9941
BG_eliminateSymbolHit[9][0] = 25567442
BG_eliminateSymbolHit[9][1] = 4148083
BG_eliminateSymbolHit[9][2] = 322982
FG's Base Pay:  = 1161698100
FG_eliminateSymbolHit [10][0] = 2896818
FG_eliminateSymbolHit [10][1] = 710458
FG_eliminateSymbolHit [10][2] = 70484
FG_eliminateSymbolHit [11][0] = 2997942
FG_eliminateSymbolHit [11][1] = 792684
FG_eliminateSymbolHit [11][2] = 95312
FG_eliminateSymbolHit [3][0] = 26063
FG_eliminateSymbolHit [3][1] = 577
FG_eliminateSymbolHit [4][0] = 847328
FG_eliminateSymbolHit [4][1] = 58948
FG_eliminateSymbolHit [4][2] = 2353
FG_eliminateSymbolHit [5][0] = 433405
FG_eliminateSymbolHit [5][1] = 31551
FG_eliminateSymbolHit [5][2] = 887
FG_eliminateSymbolHit [6][0] = 1126086
FG_eliminateSymbolHit [6][1] = 140688
FG_eliminateSymbolHit [6][2] = 4359
FG_eliminateSymbolHit [7][0] = 349141
FG_eliminateSymbolHit [7][1] = 27427
FG_eliminateSymbolHit [7][2] = 534
FG_eliminateSymbolHit [8][0] = 1983424
FG_eliminateSymbolHit [8][1] = 304169
FG_eliminateSymbolHit [8][2] = 8594
FG_eliminateSymbolHit [9][0] = 2982926
FG_eliminateSymbolHit [9][1] = 696901
FG_eliminateSymbolHit [9][2] = 54568
Freegame Count:  = 464480
bgC1Count = 0 = 45722295
bgC1Count = 1 = 38007733
bgC1Count = 2 = 13287047
bgC1Count = 3 = 2518445
bgC1Count = 4 = 436113
bgC1Count = 5 = 27639
bgC1Count = 6 = 728
fgC1Count = 0 = 2771915
fgC1Count = 1 = 1764709
fgC1Count = 2 = 479384
fgC1Count = 3 = 85432
fgC1Count = 4 = 7058
fgC1Count = 5 = 312
=======================RNG INFO=======================================
