version = H013192-1.0.0.4R GameID = 101001, Coin in = 30000, currency denom = 0.002000, betMultiplier = 0,feature bet = 0, denom Multiplier = 0 
TotalSpin = 100000000, TotalBet = 3000000000000
=======================Total RTP=======================================
BaseGameRtp = 0.748705
ScatterRtp = 0.006496
FreeGameRtp = 0.164704
TotalRtp (excluding JP/bonus) = 0.919905
BonusJP Rtp = 0.019929
LinkJP Rtp = 0.020826
TotalRtp (including JP/bonus) = 0.960659
=======================BaseGame info=======================================
BaseGameTTLWin = 2265602994000
BG SymbolHit[3][0] = 583883
BG SymbolHit[3][1] = 23365
BG SymbolHit[4][0] = 35777927
BG SymbolHit[4][1] = 4404568
BG SymbolHit[4][2] = 278534
BG SymbolHit[5][0] = 11819361
BG SymbolHit[5][1] = 1494193
BG SymbolHit[5][2] = 33747
BG SymbolHit[6][0] = 37275706
BG SymbolHit[6][1] = 8229227
BG SymbolHit[6][2] = 496584
BG SymbolHit[7][0] = 5760103
BG SymbolHit[7][1] = 353772
BG SymbolHit[7][2] = 4515
BG SymbolHit[8][0] = 614265
BG SymbolHit[8][1] = 23942
BG SymbolHit[8][2] = 675
BG SymbolHit[9][0] = 33771536
BG SymbolHit[9][1] = 5375316
BG SymbolHit[9][2] = 291402
BG SymbolHit[10][0] = 35277092
BG SymbolHit[10][1] = 5895629
BG SymbolHit[10][2] = 358970
BG SymbolHit[11][0] = 128190208
BG SymbolHit[11][1] = 43838499
BG SymbolHit[11][2] = 5428623
BG WheelTable[0] Count = 200026
BG WheelTable[1] Count = 99799974
BG FeatureHit[0] = 268
BG FeatureHit[1] = 11745
BG FeatureHit[2] = 188013
BG FeatureHit[3] = 133834
=======================FreeGame info=======================================
FreeGameTTLRound = 2165200
FreeGameTTLWin = 494112169500
FG SymbolHit[3][0] = 16549
FG SymbolHit[3][1] = 964
FG SymbolHit[3][2] = 12
FG SymbolHit[4][0] = 177442
FG SymbolHit[4][1] = 21896
FG SymbolHit[4][2] = 1739
FG SymbolHit[5][0] = 117873
FG SymbolHit[5][1] = 11150
FG SymbolHit[5][2] = 555
FG SymbolHit[6][0] = 448203
FG SymbolHit[6][1] = 70087
FG SymbolHit[6][2] = 6566
FG SymbolHit[7][0] = 102408
FG SymbolHit[7][1] = 9417
FG SymbolHit[7][2] = 363
FG SymbolHit[8][0] = 751544
FG SymbolHit[8][1] = 138785
FG SymbolHit[8][2] = 13678
FG SymbolHit[9][0] = 1410667
FG SymbolHit[9][1] = 328627
FG SymbolHit[9][2] = 35595
FG SymbolHit[10][0] = 1589013
FG SymbolHit[10][1] = 423654
FG SymbolHit[10][2] = 56950
FG SymbolHit[11][0] = 2093202
FG SymbolHit[11][1] = 633812
FG SymbolHit[11][2] = 97320
FG Wheel Table [0] Count = 1724750
FG Wheel Table [1] Count = 440450
FG FeatureHit[0] = 2
FG FeatureHit[1] = 141
FG FeatureHit[2] = 2636
FG FeatureHit[3] = 30209
FG FeatureHit[4] = 2413
=======================JP info=======================================
LinkJP RTP = 0.020826
BonusJP RTP = 0.019929
JPTotalRound = 136247, avgPeriod = 733.961121
pool[1] hit = 95, ttlWin = 6805678849, avg = 71638724, rtp = 0.011343
pool[2] hit = 269, ttlWin = 5689681520, avg = 21151232, rtp = 0.009483
pool[3] hit = 15851, ttlWin = 4755300000, avg = 300000, rtp = 0.007926
pool[4] hit = 120032, ttlWin = 7201920000, avg = 60000, rtp = 0.012003
BGC1hit[1] hit = 38145881, FGC1hit[1] = 744842
BGC1hit[2] hit = 13356517, FGC1hit[2] = 198016
BGC1hit[3] hit = 2571349, FGC1hit[3] = 30209
BGC1hit[4] hit = 67325, FGC1hit[4] = 2636
BGC1hit[5] hit = 2698, FGC1hit[5] = 141
BGC1hit[6] hit = 37, FGC1hit[6] = 2
BG reelC1hit[1] hit = 12748360, FG reelC1hit[1] = 895042
BG reelC1hit[2] hit = 18204818, FG reelC1hit[2] = 1438899
BG reelC1hit[3] hit = 5838959, FG reelC1hit[3] = 913267
BG reelC1hit[4] hit = 12047798, FG reelC1hit[4] = 1919184
BG reelC1hit[5] hit = 11920307, FG reelC1hit[5] = 751786
BG reelC1hit[6] hit = 12095732, FG reelC1hit[6] = 1633886
=======================BaseGame 倍數=======================================
BaseGame 00 = 60658859
BaseGame 0x = 21610531, Pay = 293183497500, 1C1 = 8760527, 2C1 = 3586535, 3C1 = 755930, 4C1 = null, 5C1 = null
BaseGame 1x = 5972183, Pay = 298291971000, 1C1 = 2380382, 2C1 = 959688, 3C1 = 204515, 4C1 = null, 5C1 = null
BaseGame 2x = 3900908, Pay = 300888727500, 1C1 = 1540860, 2C1 = 610734, 3C1 = 129271, 4C1 = null, 5C1 = null
BaseGame 3x = 2826460, Pay = 297774768000, 1C1 = 1161198, 2C1 = 562678, 3C1 = 141993, 4C1 = null, 5C1 = null
BaseGame 4x = 1612853, Pay = 220759030500, 1C1 = 660302, 2C1 = 316490, 3C1 = 78754, 4C1 = null, 5C1 = null
BaseGame 5x = 925147, Pay = 150773041500, 1C1 = 385657, 2C1 = 217620, 3C1 = 61619, 4C1 = null, 5C1 = null
BaseGame 6x = 561784, Pay = 109763616000, 1C1 = 232051, 2C1 = 145878, 3C1 = 44925, 4C1 = null, 5C1 = null
BaseGame 7x = 368695, Pay = 82814929500, 1C1 = 149775, 2C1 = 94916, 3C1 = 30468, 4C1 = null, 5C1 = null
BaseGame 8x = 208223, Pay = 52845273000, 1C1 = 84703, 2C1 = 57208, 3C1 = 18970, 4C1 = null, 5C1 = null
BaseGame 9x = 191437, Pay = 56990629500, 1C1 = 69452, 2C1 = 23605, 3C1 = 5052, 4C1 = null, 5C1 = null
BaseGame 10x = 849083, Pay = 299516649000, 1C1 = 344536, 2C1 = 161162, 3C1 = 39967, 4C1 = null, 5C1 = null
BaseGame 15x = 52860, Pay = 26380395000, 1C1 = 21954, 2C1 = 13288, 3C1 = 3881, 4C1 = null, 5C1 = null
BaseGame 20x = 31351, Pay = 21973378500, 1C1 = 12184, 2C1 = 5483, 3C1 = 1460, 4C1 = null, 5C1 = null
BaseGame 25x = 29600, Pay = 23751828000, 1C1 = 12090, 2C1 = 5893, 3C1 = 1510, 4C1 = null, 5C1 = null
=======================Base Game RNG INFO=======================================
Base Game RNG[10x] = [992490938, 0, 109, 156, 194, 47, 123, 89, 881000000]
Base Game RNG[20x] = [997788627, 0, 3, 198, 98, 132, 40, 27, 1748450596]
Base Game RNG[30x] = [997709367, 0, 105, 48, 161, 33, 18, 19, 5468770467]
Base Game RNG[40x] = [998044663, 782055573, 0, 101, 140, 12, 24, 127, 0, 4159235189, 0, 7, 0, 77, 93, 16, 57, 60, 75, 54280, 2758716435, 100, 126, 143, 53, 55, 101, 8567525597, 20, 186, 6, 44, 153, 30, 20404, 61995, 7501672797, 189, 87, 88, 111, 119, 11, 4382003196, 51, 160, 15, 107, 39, 138, 55349, 16353, 4226615793, 12, 157, 181, 78, 18, 168, 59014, 2138570991, 106, 139, 101, 13, 99, 68, 76881, 4966, 5024238059, 86, 27, 61, 40, 13, 7, 46675, 6684066063, 161, 20, 93, 184, 189, 82, 74478, 77012, 155, 59, 4, 9, 149, 185, 56434, 31269]
Base Game RNG[100x] = [999657891, 919515750, 0, 19, 158, 163, 38, 189, 3, 141975854, 0, 2, 3, 161, 90, 46, 60, 33, 30, 49823, 138, 155, 163, 128, 188, 66, 73705, 51, 85, 4, 29, 63, 82, 30629, 7216, 74836, 161, 65, 177, 156, 6, 81, 75912, 51033, 12, 76, 27, 23, 27, 76, 60391, 8912336699, 140, 70, 22, 197, 77, 76, 66902, 63005, 5747501535, 4, 181, 163, 177, 151, 194, 162, 56060, 19829, 42230, 17, 87, 76, 185, 96, 120, 1285136364, 108, 102, 23, 41, 128, 98, 9009878990, 148, 33, 73, 136, 191, 23, 68135, 172, 193, 98, 89, 7, 115, 25654, 44842, 3800119412, 16, 169, 65, 171, 135, 21, 40292, 27577, 62110, 8884281281, 21, 80, 72, 75, 159, 138, 11394, 27, 162, 198, 44, 138, 64, 47808, 94, 99, 98, 24, 90, 59, 24198, 43560, 7523509307]
=======================Base Game C1 RNG INFO=======================================
Base Game C1[3] = [137147029, 0, 173, 143, 185, 114, 110, 1, 2419217160]
Base Game C1[4] = [999597086, 413753959, 0, 29, 131, 147, 114, 87, 155, 8999986695, 0, 4, 3, 150, 67, 45, 79, 197, 102, 68197, 111, 162, 72, 126, 29, 169, 19307, 47896, 9155342240, 178, 145, 191, 54, 20, 147, 67554, 6903130897, 86, 3, 25, 64, 44, 90, 75524, 60, 42, 93, 23, 25, 68, 68793, 93404865, 12, 102, 166, 160, 92, 74, 26872, 6666872294, 53, 74, 83, 23, 68, 32, 45390, 146, 100, 24, 58, 154, 18, 1165250001, 142, 188, 140, 99, 104, 95, 6703354084, 164, 178, 28, 160, 146, 104]
Base Game C1[5] = [999983916, 595094260, 0, 27, 186, 189, 36, 84, 199, 6918077796, 0, 6, 8, 29, 39, 16, 65, 189, 75, 52283, 71911, 3206485113, 109, 138, 109, 10, 159, 84, 20762, 76066, 182, 93, 186, 57, 112, 18, 9891, 4588944955, 178, 97, 26, 174, 38, 0, 57551, 19732, 1558894843, 106, 110, 88, 35, 188, 163, 69950, 3150741608, 34, 140, 40, 58, 64, 134, 77231, 29446, 86, 52, 61, 33, 39, 27, 3115, 114, 186, 78, 43, 195, 79, 87, 187, 147, 50, 31, 76, 42082, 70732, 3728516613, 85, 71, 89, 97, 46, 69, 75543, 37329]
Base Game C1[6] = [999217447, 155421093, 0, 89, 131, 159, 37, 84, 122, 5299277749, 0, 5, 7, 65, 182, 161, 178, 166, 6, 60372, 54, 91, 82, 82, 137, 183, 20679, 12939, 131, 45, 165, 126, 57, 78, 9011565354, 79, 32, 43, 97, 115, 124, 7269836057, 48, 159, 176, 155, 155, 5, 51736, 19, 24, 36, 36, 97, 17, 37020, 56, 142, 189, 127, 61, 133, 2465, 34, 194, 167, 173, 149, 89, 5425079840, 38, 11, 17, 54, 87, 74, 68637, 57, 99, 47, 153, 52, 29]
=======================整場FreeGame 倍數=======================================
FreeGame 00 = 0
FreeGame 10x = 19546, Pay = 7353582000, 1C1 = 369183, 2C1 = 98184, 3C1 = 17819, 4C1 = 1575, 5C1 = 79
FreeGame 15x = 17102, Pay = 8988991500, 1C1 = 254207, 2C1 = 67466, 3C1 = 12238, 4C1 = 1030, 5C1 = 43
FreeGame 20x = 15131, Pay = 10229736000, 1C1 = 190316, 2C1 = 50670, 3C1 = 9094, 4C1 = 792, 5C1 = 37
FreeGame 25x = 12400, Pay = 10249122000, 1C1 = 144076, 2C1 = 38349, 3C1 = 6951, 4C1 = 595, 5C1 = 28
FreeGame 30x = 11223, Pay = 10944123000, 1C1 = 112388, 2C1 = 30190, 3C1 = 5420, 4C1 = 477, 5C1 = 28
FreeGame 35x = 9918, Pay = 11158267500, 1C1 = 99908, 2C1 = 27088, 3C1 = 4925, 4C1 = 463, 5C1 = 27
FreeGame 40x = 8331, Pay = 10622121000, 1C1 = 75554, 2C1 = 20681, 3C1 = 3764, 4C1 = 369, 5C1 = 18
FreeGame 45x = 8217, Pay = 11715844500, 1C1 = 69038, 2C1 = 18672, 3C1 = 3450, 4C1 = 344, 5C1 = 18
FreeGame 50x = 13581, Pay = 22357747500, 1C1 = 109089, 2C1 = 29607, 3C1 = 5618, 4C1 = 491, 5C1 = 26
FreeGame 60x = 11483, Pay = 22340982000, 1C1 = 83450, 2C1 = 22779, 3C1 = 4415, 4C1 = 395, 5C1 = 27
FreeGame 70x = 9836, Pay = 22096158000, 1C1 = 67329, 2C1 = 18256, 3C1 = 3649, 4C1 = 350, 5C1 = 15
FreeGame 80x = 8229, Pay = 20962858500, 1C1 = 54445, 2C1 = 15017, 3C1 = 3014, 4C1 = 340, 5C1 = 15
FreeGame 90x = 7003, Pay = 19937637000, 1C1 = 45952, 2C1 = 12387, 3C1 = 2682, 4C1 = 280, 5C1 = 22
FreeGame 100x = 10801, Pay = 35471779500, 1C1 = 67800, 2C1 = 18609, 3C1 = 4086, 4C1 = 418, 5C1 = 29
FreeGame 120x = 7825, Pay = 30366486000, 1C1 = 47696, 2C1 = 13020, 3C1 = 3059, 4C1 = 315, 5C1 = 11
FreeGame 140x = 5927, Pay = 26606970000, 1C1 = 35784, 2C1 = 9900, 3C1 = 2501, 4C1 = 256, 5C1 = 23
FreeGame 160x = 4304, Pay = 21889057500, 1C1 = 26442, 2C1 = 7365, 3C1 = 1848, 4C1 = 257, 5C1 = 16
FreeGame 180x = 3331, Pay = 18952764000, 1C1 = 19931, 2C1 = 5488, 3C1 = 1454, 4C1 = 197, 5C1 = 15
FreeGame 200x = 5443, Pay = 36284916000, 1C1 = 33090, 2C1 = 9291, 3C1 = 2450, 4C1 = 304, 5C1 = 23
FreeGame 250x = 2968, Pay = 24259912500, 1C1 = 19046, 2C1 = 5329, 3C1 = 1525, 4C1 = 180, 5C1 = 15
FreeGame 300x = 1707, Pay = 16531405500, 1C1 = 11751, 2C1 = 3351, 3C1 = 917, 4C1 = 127, 5C1 = 7
FreeGame 350x = 1763, Pay = 19746483000, 1C1 = 10348, 2C1 = 3063, 3C1 = 832, 4C1 = 103, 5C1 = 7
FreeGame 400x = 1166, Pay = 14819976000, 1C1 = 6966, 2C1 = 1951, 3C1 = 550, 4C1 = 72, 5C1 = 9
FreeGame 450x = 784, Pay = 11106655500, 1C1 = 4519, 2C1 = 1315, 3C1 = 353, 4C1 = 63, 5C1 = 3
FreeGame 500x = 406, Pay = 6392091000, 1C1 = 2630, 2C1 = 689, 3C1 = 200, 4C1 = 23, 5C1 = 1
FreeGame 550x = 366, Pay = 6300639000, 1C1 = 2167, 2C1 = 621, 3C1 = 203, 4C1 = 23, 5C1 = 1
FreeGame 600x = 201, Pay = 3769563000, 1C1 = 1178, 2C1 = 327, 3C1 = 63, 4C1 = 6, 5C1 = null
FreeGame 650x = 126, Pay = 2541892500, 1C1 = 854, 2C1 = 196, 3C1 = 46, 4C1 = 10, 5C1 = null
FreeGame 700x = 150, Pay = 3254763000, 1C1 = 810, 2C1 = 213, 3C1 = 50, 4C1 = 4, 5C1 = 1
FreeGame 750x = 104, Pay = 2424966000, 1C1 = 549, 2C1 = 146, 3C1 = 45, 4C1 = 3, 5C1 = null
FreeGame 1000x = 654, Pay = 24434679000, 1C1 = 4141, 2C1 = 1228, 3C1 = 241, 4C1 = 33, 5C1 = 3
=======================FreeGame 單round 倍數=======================================
FreeOneRound 0x = 93953, Pay = 3904452000
FreeOneRound 1x = 69696, Pay = 4879131000
FreeOneRound 2x = 55370, Pay = 5551827000
FreeOneRound 3x = 46293, Pay = 6059311500
FreeOneRound 4x = 31164, Pay = 4954845000
FreeOneRound 5x = 37052, Pay = 6967606500
FreeOneRound 6x = 27394, Pay = 6083722500
FreeOneRound 7x = 21669, Pay = 5374753500
FreeOneRound 8x = 27274, Pay = 7622037000
FreeOneRound 9x = 21792, Pay = 6770704500
FreeOneRound 10x = 78071, Pay = 30859317000
FreeOneRound 15x = 50302, Pay = 27481939500
FreeOneRound 20x = 35222, Pay = 24565090500
FreeOneRound 25x = 25613, Pay = 21746506500
FreeOneRound 30x = 18322, Pay = 18246187500
FreeOneRound 35x = 16455, Pay = 18922440000
FreeOneRound 40x = 11647, Pay = 15175239000
FreeOneRound 45x = 9911, Pay = 14381170500
FreeOneRound 50x = 15139, Pay = 25268259000
FreeOneRound 60x = 10228, Pay = 20130930000
FreeOneRound 70x = 7723, Pay = 17535046500
FreeOneRound 80x = 5923, Pay = 15210900000
FreeOneRound 90x = 4760, Pay = 13695106500
FreeOneRound 100x = 6585, Pay = 21831804000
FreeOneRound 120x = 4286, Pay = 16762800000
FreeOneRound 140x = 3020, Pay = 13626781500
FreeOneRound 160x = 2286, Pay = 11693211000
FreeOneRound 180x = 1609, Pay = 9221661000
FreeOneRound 200x = 2757, Pay = 18542260500
FreeOneRound 250x = 1670, Pay = 13752756000
FreeOneRound 300x = 1175, Pay = 11436339000
FreeOneRound 350x = 818, Pay = 9192816000
FreeOneRound 400x = 546, Pay = 6930244500
FreeOneRound 450x = 342, Pay = 4875405000
FreeOneRound 500x = 233, Pay = 3680548500
FreeOneRound 550x = 163, Pay = 2815044000
FreeOneRound 600x = 106, Pay = 1984717500
FreeOneRound 650x = 86, Pay = 1743943500
FreeOneRound 700x = 60, Pay = 1301547000
FreeOneRound 750x = 40, Pay = 925641000
FreeOneRound 800x = 25, Pay = 623344500
FreeOneRound 850x = 28, Pay = 737869500
FreeOneRound 900x = 63, Pay = 1754979000
FreeOneRound 950x = 72, Pay = 2121418500
FreeOneRound 1000x = 392, Pay = 14709493500
=======================FreeGame RNG INFO=======================================
Free Game RNG[10x] = [999931195, 29127917, 0, 21, 63, 85, 36, 82, 125, 5389195647, 0, 1, 3, 173, 71, 79, 63, 157, 10, 7355585740, 88, 70, 54, 20, 28, 17, 46548, 12486, 46194, 4194312532, 150, 164, 7, 120, 23, 64, 60346, 155, 145, 130, 26, 70, 161, 31712, 6008582356, 48, 24, 17, 38, 63, 30, 30619, 72758, 32, 29, 58, 180, 94, 42, 182, 3, 48, 107, 179, 163, 5258542401, 127, 141, 21, 12, 62, 97, 21539, 1331493588, 129, 27, 46, 37, 155, 157, 52166, 989996708, 54, 107, 124, 36, 101, 153, 5809362126]
Free Game RNG[20x] = [999624988, 145680692, 0, 33, 168, 93, 42, 199, 111, 6934046852, 0, 6, 1, 115, 86, 1, 104, 41, 81, 51307, 57, 97, 56, 78, 21, 42, 7715, 9, 39, 13, 145, 149, 69, 6366322431, 63, 170, 16, 178, 99, 40, 77434, 7723, 9051303621, 141, 71, 93, 48, 194, 8, 29629, 2948, 37491, 120, 181, 130, 168, 24, 23, 46750, 67, 18, 90, 95, 60, 89, 176, 21, 53, 116, 6, 103, 69812, 196, 102, 188, 171, 69, 18, 127, 3083209088, 43, 145, 71, 69, 133, 67, 72695, 2265864914]
Free Game RNG[30x] = [999597086, 413753959, 0, 29, 131, 147, 114, 87, 155, 8999986695, 0, 4, 3, 150, 67, 45, 79, 197, 102, 68197, 111, 162, 72, 126, 29, 169, 19307, 47896, 9155342240, 178, 145, 191, 54, 20, 147, 67554, 6903130897, 86, 3, 25, 64, 44, 90, 75524, 60, 42, 93, 23, 25, 68, 68793, 93404865, 12, 102, 166, 160, 92, 74, 26872, 6666872294, 53, 74, 83, 23, 68, 32, 45390, 146, 100, 24, 58, 154, 18, 1165250001, 142, 188, 140, 99, 104, 95, 6703354084, 164, 178, 28, 160, 146, 104]
Free Game RNG[40x] = [998744858, 443745082, 0, 15, 131, 159, 55, 40, 26, 9928576478, 0, 3, 5, 79, 38, 79, 132, 79, 144, 7015724384, 120, 60, 84, 16, 82, 31, 30682, 24, 19, 9, 102, 175, 120, 74098, 9852050291, 98, 19, 45, 97, 64, 49, 89, 87, 64, 16, 3, 92, 48324, 67054, 32437, 122, 181, 124, 78, 95, 143, 35771, 75, 93, 12, 81, 87, 66, 491117425, 32, 31, 16, 161, 73, 152, 741, 156, 35, 151, 16, 11, 190, 26981, 54526, 3987779771, 120, 25, 57, 29, 169, 129, 36171]
Free Game RNG[50x] = [999344208, 507825720, 0, 25, 157, 161, 57, 116, 156, 5448080253, 0, 8, 1, 153, 86, 59, 68, 31, 123, 68876, 57862, 3983233487, 30, 25, 31, 36, 21, 86, 56692, 143, 175, 20, 150, 51, 69, 35252, 7508607413, 190, 89, 197, 176, 101, 11, 3807591605, 69, 87, 130, 85, 10, 123, 63132, 49913, 3014173110, 117, 35, 83, 158, 79, 89, 9421779881, 11, 177, 8, 183, 118, 129, 28458, 45915, 134, 196, 83, 102, 59, 89, 4555504491, 65, 52, 81, 86, 27, 16, 117, 4, 14, 125, 24, 74, 9260037898]
Free Game RNG[60x] = [999947675, 588566625, 0, 173, 40, 163, 50, 164, 135, 7873113268, 0, 4, 2, 193, 84, 161, 36, 22, 82, 72425, 493728179, 114, 40, 118, 139, 9, 129, 29909, 77, 95, 14, 73, 95, 87, 47666, 8428970858, 186, 73, 133, 9, 9, 182, 40557, 49643, 69159, 58, 40, 68, 49, 3, 13, 15391, 2318084293, 153, 112, 177, 79, 166, 161, 76, 34, 76, 38, 155, 76, 5114985363, 136, 43, 113, 126, 52, 58, 54, 196, 77, 81, 166, 25, 735091722, 110, 157, 174, 29, 102, 161, 24907, 6389311361]
Free Game RNG[70x] = [998323811, 646614366, 0, 13, 135, 102, 57, 198, 134, 9653714616, 0, 3, 6, 79, 71, 116, 162, 51, 188, 198, 143, 81, 125, 116, 51, 46560, 16, 67, 27, 3, 71, 148, 21496, 15, 55, 85, 49, 5, 1, 31019, 28714, 66, 28, 65, 154, 44, 48, 4946, 12551, 31, 184, 43, 74, 81, 129, 155, 136, 88, 133, 79, 82, 35827, 21107, 2437937286, 73, 83, 58, 11, 33, 36, 25021, 29125, 60446, 43, 28, 37, 44, 44, 56, 187, 146, 176, 18, 44, 12, 45734, 46319, 5149304453]
Free Game RNG[80x] = [998179674, 701985513, 0, 92, 108, 1, 148, 40, 0, 4814516020, 0, 0, 2, 69, 97, 62, 59, 54, 98, 51404, 152, 158, 131, 0, 124, 92, 61935, 169, 85, 169, 46, 159, 54, 33, 72, 97, 84, 7, 9, 4501, 53889, 136, 0, 141, 140, 137, 166, 9368221951, 31, 89, 154, 112, 199, 109, 75112, 2648699487, 77, 35, 114, 158, 84, 151, 4730791860, 12, 151, 109, 113, 133, 39, 46099, 42520, 194, 64, 11, 69, 20, 61, 94, 64, 22, 107, 60, 53, 7715769570, 3, 190, 119, 9, 196, 72, 66, 71954, 16, 183, 158, 63, 0, 152, 183, 85, 131, 52, 36, 148, 19101, 5235751560, 8, 93, 28, 27, 19, 59, 185, 198, 116, 88, 110, 84, 43975, 168034972]
Free Game RNG[90x] = [998994486, 737468086, 0, 89, 107, 125, 36, 195, 191, 7245295958, 0, 1, 0, 24, 82, 67, 55, 12, 81, 45300, 5451458782, 19, 8, 12, 40, 57, 3, 17559, 4742389422, 153, 113, 88, 33, 23, 191, 54921, 6667591817, 41, 21, 19, 66, 10, 0, 31371, 64830, 22336, 17213, 176, 54, 54, 199, 33, 12, 60074, 30528, 7481626313, 163, 169, 70, 95, 161, 181, 1370, 38, 183, 169, 15, 22, 105, 100, 131, 168, 104, 35, 179, 132, 82, 26, 170, 29, 78, 1398, 8176853972, 1, 165, 192, 36, 38, 188, 72, 9786720658, 144, 169, 40, 145, 143, 84, 35513, 98, 86, 93, 41, 64, 72, 69585, 8427417547, 152, 169, 163, 128, 97, 166, 9424103825, 28, 106, 61, 131, 9, 195, 77102, 46960, 319070973, 191, 27, 129, 60, 64, 14, 618626677]
Free Game RNG[100x] = [999626507, 829087121, 0, 19, 130, 152, 49, 187, 133, 7117220807, 0, 7, 2, 147, 20, 113, 152, 8, 199, 28587, 32304, 89, 197, 34, 154, 61, 51, 60800, 7196286141, 35, 8, 69, 38, 68, 3, 72312, 27, 44, 150, 115, 8, 10, 60643, 9594477405, 56, 58, 163, 41, 23, 67, 25, 101, 145, 198, 178, 118, 78790, 65160, 356228861, 165, 171, 87, 131, 74, 190, 22, 43, 30, 62, 96, 53, 36520, 183, 74, 198, 140, 119, 0, 13091, 87, 131, 176, 0, 167, 130, 39510]
Free Game RNG[200x] = [998951763, 952773839, 0, 15, 192, 107, 39, 87, 139, 9356978096, 0, 2, 5, 177, 66, 42, 34, 43, 174, 64973, 54609, 42251, 8986598623, 91, 117, 74, 65, 12, 36, 9185, 37862, 65374, 5215451965, 98, 6, 81, 54, 40, 63, 1478899133, 9, 85, 94, 0, 165, 159, 173, 8, 122, 87, 66, 7, 42265, 73, 28, 35, 64, 72, 163, 6, 8, 21, 34, 70, 72, 78623, 37475, 61250, 1637268570, 48, 179, 54, 97, 89, 71, 8844960199, 6, 122, 136, 125, 119, 108, 39, 14, 8, 102, 76, 93, 57062]
Free Game RNG[300x] = [999016431, 973521899, 0, 92, 114, 11, 10, 63, 123, 4790509169, 0, 4, 6, 1, 112, 128, 12, 2, 27, 50, 144, 167, 75, 138, 160, 7722260161, 20, 34, 144, 71, 72, 189, 37846, 2900697450, 41, 131, 96, 171, 136, 120, 4100749545, 55, 97, 64, 51, 25, 85, 71873, 4932683836, 158, 98, 125, 172, 92, 37, 71071, 47, 72, 131, 53, 10, 111, 52479, 26174, 62718, 67912, 1738565587, 78, 63, 68, 1, 16, 9, 9767558880, 4, 63, 7, 132, 130, 128, 119, 44546, 18576, 15, 128, 61, 70, 78, 50, 8487, 0, 64, 129, 42, 187, 100, 75, 61, 199, 12, 148, 97, 125, 187, 53, 7, 64, 27, 6, 16, 164, 35, 195, 31, 1434027362, 3, 21, 67, 7, 55, 27, 72427, 35794, 3082358636]
Free Game RNG[400x] = [999882586, 989455561, 0, 31, 21, 23, 49, 84, 180, 7353248093, 0, 1, 2, 51, 21, 117, 93, 12, 185, 64347, 46579, 42, 18, 19, 65, 28, 52, 63178, 16574, 185, 194, 21, 171, 199, 21, 62694, 697282460, 1, 42, 90, 41, 50, 66, 0, 17248, 9, 188, 82, 128, 106, 107, 181, 75, 27, 77, 133, 88, 37855, 79106, 74460, 5871630344, 79, 195, 104, 108, 78, 83, 47373, 2940888208, 37, 115, 169, 77, 0, 47, 24501, 50, 135, 128, 79, 168, 181, 35, 36, 138, 126, 33, 129, 14793, 3601589563, 196, 47, 98, 108, 68, 46, 8318442467, 11, 56, 13, 88, 91, 26, 68858, 66364, 3220, 68, 32, 14, 96, 144, 140, 113, 67679, 69954, 17, 61, 141, 150, 41, 126, 34880, 33655, 8079497695, 102, 35, 93, 48, 142, 197, 5762663984]
Free Game RNG[500x] = [998162720, 990766247, 0, 174, 17, 150, 38, 198, 116, 1306737821, 0, 7, 5, 153, 45, 161, 28, 100, 88, 9361977476, 90, 40, 66, 187, 48, 135, 63358, 5055683818, 106, 29, 155, 44, 165, 44, 137, 76, 125, 147, 39, 1, 27575, 59350, 107, 176, 141, 61, 7, 133, 39647, 10, 14, 2, 84, 84, 65, 64187, 61087, 3987208976, 56, 155, 110, 197, 98, 23, 4814, 1011905201, 77, 89, 59, 74, 28, 21, 16537, 38682, 2579573838, 79, 68, 48, 24, 114, 138, 8915, 61425, 17, 119, 73, 132, 86, 90, 66373, 55963, 39879, 31099]
Free Game RNG[600x] = [999147224, 995437421, 0, 96, 126, 12, 21, 65, 2, 1130489165, 0, 5, 2, 2, 4, 2, 2, 0, 1, 76, 72, 86, 50, 86, 63, 3208, 1481882843, 4, 61, 3, 37, 53, 175, 116, 20929, 6864007038, 29, 13, 5, 23, 85, 22, 56035, 193797, 1165507177, 0, 42, 42, 37, 59, 8, 23, 107025, 122300, 88706, 98469, 99, 18, 30, 48, 5, 50, 37, 39, 36, 11, 30, 13, 157482, 88939, 14377, 2040448237, 21, 29, 44, 60, 95, 9, 48359, 93314, 83, 66, 33, 20, 94, 13, 117077, 155773, 1486562115, 4, 32, 14, 72, 86, 1, 3, 33149, 80, 129, 192, 148, 95, 3, 103187, 54, 79, 107, 45, 60, 169, 183, 183, 159, 193, 61, 66, 172, 191, 69, 139, 89, 144, 157, 153, 29, 189, 73, 114, 44824, 138096, 90, 36, 80, 37, 86, 77, 203629, 5052318089, 8, 24, 89, 69, 56, 18, 3410212327, 2, 83, 150, 124, 101, 154, 9786959662, 177, 56, 105, 166, 49, 193, 108682, 9143726790, 153, 175, 64, 4, 23, 38, 93143, 62, 158, 49, 167, 55, 1, 92828, 59777, 4754763082, 125, 100, 37, 78, 68, 76, 8234002224, 69, 77, 104, 188, 183, 99, 55038, 7503632698, 107, 6, 165, 106, 123, 138, 101521, 2891212465, 90, 114, 93, 158, 187, 190, 95467, 72024, 9511593524, 22, 6, 37, 51, 90, 21, 108706, 69985]
Free Game RNG[700x] = [998570681, 996099200, 0, 48, 18, 159, 116, 199, 128, 4173498702, 0, 6, 4, 5, 3, 0, 2, 3, 1, 29, 78, 66, 60, 47, 89, 58761, 34049, 3349436888, 136, 45, 9, 81, 48, 167, 3997467034, 31, 38, 12, 0, 84, 81, 177886, 6975308703, 20, 57, 58, 79, 46, 8, 48774, 140316, 62, 7, 86, 85, 29, 65, 68191, 172620, 91, 11, 36, 70, 7, 23, 41410, 19555, 30459, 175556, 2992336217, 84, 17, 35, 55, 43, 91, 39489, 47, 81, 64, 90, 3, 94, 41600, 41307, 9458182826, 136, 196, 28, 153, 181, 5, 143186, 89539, 8668126644, 1, 74, 23, 39, 50, 89, 30, 195404, 88883, 124824, 5330175631, 19, 168, 59, 184, 181, 61, 76724, 21, 82, 55, 16, 8, 25, 93646, 77826, 69719, 42007, 192, 151, 19, 147, 70, 166, 95777, 58656, 7503318988, 199, 52, 164, 186, 181, 182, 48, 171, 7, 87, 169, 102]
Free Game RNG[1000x] = [999454949, 998774782, 0, 25, 146, 13, 34, 87, 108, 3115938821, 0, 4, 6, 6, 0, 4, 1, 1, 2, 97, 80, 31, 53, 88, 4, 195596, 61, 84, 20, 57, 4, 20, 1250464624, 60, 86, 65, 35, 39, 60, 4233807783, 24, 80, 83, 95, 49, 81, 85, 30, 54, 39, 56, 37, 5650, 27027, 5058760272, 77, 42, 28, 185, 111, 98, 79, 21, 22, 76, 40, 11, 1076783717, 0, 42, 18, 98, 32, 9, 38, 28533, 94, 44, 36, 77, 86, 8, 50593, 126130, 6521440251, 78, 5, 57, 37, 22, 78, 9905867916, 10, 46, 64, 30, 45, 37, 100045, 10105, 130781, 61910, 127237, 3000270338, 126, 72, 180, 75, 146, 7, 4, 142, 114, 167, 128, 39, 126808, 3212820049, 154, 131, 194, 9, 37, 156, 113, 124, 18, 102, 4, 30, 131134]
=======================FreeGame C1 RNG INFO=======================================
Free Game C1[3] = [998179674, 701985513, 0, 92, 108, 1, 148, 40, 0, 4814516020, 0, 0, 2, 69, 97, 62, 59, 54, 98, 51404, 152, 158, 131, 0, 124, 92, 61935, 169, 85, 169, 46, 159, 54, 33, 72, 97, 84, 7, 9, 4501, 53889, 136, 0, 141, 140, 137, 166, 9368221951, 31, 89, 154, 112, 199, 109, 75112, 2648699487, 77, 35, 114, 158, 84, 151, 4730791860, 12, 151, 109, 113, 133, 39, 46099, 42520, 194, 64, 11, 69, 20, 61, 94, 64, 22, 107, 60, 53, 7715769570, 3, 190, 119, 9, 196, 72, 66, 71954, 16, 183, 158, 63, 0, 152, 183, 85, 131, 52, 36, 148, 19101, 5235751560, 8, 93, 28, 27, 19, 59, 185, 198, 116, 88, 110, 84, 43975, 168034972]
Free Game C1[4] = [999812483, 893707509, 0, 172, 132, 160, 49, 13, 172, 9586525267, 0, 3, 6, 100, 91, 69, 4, 81, 70, 70070, 4683870172, 36, 193, 146, 34, 157, 105, 9353353987, 1, 66, 120, 52, 15, 93, 48, 6157, 60961, 8, 0, 56, 52, 95, 72, 10592, 18814, 170, 73, 198, 123, 11, 11, 1270749345, 33, 24, 54, 106, 143, 184, 35214, 9656935720, 122, 140, 9, 166, 75, 55, 57809, 61527, 2608, 8279602432, 7, 67, 23, 39, 83, 46, 5740671404, 4, 117, 95, 40, 22, 3, 92, 66574, 52438, 65, 177, 195, 70, 15, 62, 54833, 11350, 140, 195, 195, 118, 27, 89, 859857692, 62, 42, 79, 12, 3, 61, 4792734166, 153, 0, 173, 89, 167, 117, 12793, 16743031, 3353685, 124, 82, 42, 144, 1, 76, 9478012669, 67, 131, 102, 195, 107, 123, 25652, 6806799184, 155, 72, 187, 44, 139, 118, 148, 109, 46, 178, 131, 82, 35829, 61, 85, 110, 176, 15, 159, 147, 55, 48, 160, 27, 67, 25, 40, 95, 63, 60, 23, 13769, 61186, 3, 2, 3, 1, 0, 0, 3, 2]
Free Game C1[5] = [999872423, 900783252, 0, 177, 185, 164, 133, 26, 133, 5623306566, 0, 1, 8, 106, 4, 21, 111, 4, 113, 52049, 290486963, 77, 97, 39, 84, 8, 46, 73937, 63462, 9373031888, 11, 104, 150, 164, 38, 138, 54545, 8347, 5763331834, 89, 35, 133, 158, 100, 13, 30774, 46501, 9198017854, 2, 183, 39, 102, 134, 177, 156, 68082, 32061, 4905112221, 112, 63, 9, 190, 147, 49, 133, 167, 194, 14, 103, 193, 1366, 60665, 8103165465, 124, 194, 64, 122, 77, 11, 31294, 7753988511, 5, 109, 49, 93, 177, 55, 74817, 47, 62, 16, 78, 49, 55, 38974, 2811, 18756, 77509, 127, 191, 24, 196, 108, 147, 1167902751, 167, 102, 95, 45, 109, 35, 9448205407, 43, 70, 25, 45, 85, 62, 17057, 18162, 252243710, 0, 116, 145, 192, 112, 49, 109, 1340850646, 124, 199, 126, 25, 160, 40, 54502, 9538246744, 50, 77, 5, 88, 98, 21, 10338, 13855, 42, 99, 198, 6, 63, 27, 175, 7, 121, 37, 61, 126, 24021, 152, 106, 170, 107, 93, 53, 7947475335, 4, 126, 57, 178, 177, 6, 10923, 7052]
Free Game C1[6] = [998782267, 998257784, 0, 174, 156, 161, 188, 34, 137, 1719565555, 0, 8, 1, 6, 1, 4, 1, 2, 1, 140, 157, 156, 110, 98, 128, 110204, 5867541574, 0, 33, 25, 86, 58, 50, 80, 15, 93, 3, 76, 13, 25, 178123, 63579, 75, 43, 65, 10, 74, 66, 79050, 43211, 180838, 76777, 6442973322, 68, 60, 78, 42, 60, 36, 75678, 567165924, 79, 21, 10, 28, 74, 58, 69547, 170013, 53650, 382752852, 37, 20, 22, 3, 60, 92, 9773211839, 42, 29, 45, 37, 41, 25, 105547, 50688, 43, 67, 54, 64, 30, 76, 136312, 44723, 6932024680, 23, 117, 124, 106, 146, 54, 26072, 7859524853, 76, 3, 57, 71, 70, 6, 18578, 856060244, 124, 40, 19, 136, 108, 99, 76311, 193, 70, 29, 94, 163, 39, 10154, 123, 80, 170, 128, 170, 139, 130957, 63, 149, 190, 0, 28, 14, 40907, 5892827798]
=======================整場Top Up Game 倍數=======================================
=======================by Game Data=======================================
BG_eliminateSymbolHit[10][0] = 26387537
BG_eliminateSymbolHit[10][1] = 4521165
BG_eliminateSymbolHit[10][2] = 371173
BG_eliminateSymbolHit[11][0] = 36816938
BG_eliminateSymbolHit[11][1] = 9590441
BG_eliminateSymbolHit[11][2] = 1151317
BG_eliminateSymbolHit[3][0] = 935485
BG_eliminateSymbolHit[3][1] = 14849
BG_eliminateSymbolHit[4][0] = 34364227
BG_eliminateSymbolHit[4][1] = 3896807
BG_eliminateSymbolHit[4][2] = 156840
BG_eliminateSymbolHit[5][0] = 12817634
BG_eliminateSymbolHit[5][1] = 1454295
BG_eliminateSymbolHit[5][2] = 18666
BG_eliminateSymbolHit[6][0] = 27592839
BG_eliminateSymbolHit[6][1] = 5308082
BG_eliminateSymbolHit[6][2] = 185170
BG_eliminateSymbolHit[7][0] = 5033262
BG_eliminateSymbolHit[7][1] = 409595
BG_eliminateSymbolHit[7][2] = 5477
BG_eliminateSymbolHit[8][0] = 1270901
BG_eliminateSymbolHit[8][1] = 100683
BG_eliminateSymbolHit[8][2] = 4615
BG_eliminateSymbolHit[9][0] = 24697455
BG_eliminateSymbolHit[9][1] = 3908516
BG_eliminateSymbolHit[9][2] = 260384
FG's Base Pay:  = 29895259500
FG_eliminateSymbolHit [10][0] = 1040469
FG_eliminateSymbolHit [10][1] = 251504
FG_eliminateSymbolHit [10][2] = 29185
FG_eliminateSymbolHit [11][0] = 1090508
FG_eliminateSymbolHit [11][1] = 278539
FG_eliminateSymbolHit [11][2] = 33363
FG_eliminateSymbolHit [3][0] = 21560
FG_eliminateSymbolHit [3][1] = 1156
FG_eliminateSymbolHit [3][2] = 24
FG_eliminateSymbolHit [4][0] = 301018
FG_eliminateSymbolHit [4][1] = 41088
FG_eliminateSymbolHit [4][2] = 2735
FG_eliminateSymbolHit [5][0] = 154716
FG_eliminateSymbolHit [5][1] = 15550
FG_eliminateSymbolHit [5][2] = 984
FG_eliminateSymbolHit [6][0] = 393566
FG_eliminateSymbolHit [6][1] = 48324
FG_eliminateSymbolHit [6][2] = 2991
FG_eliminateSymbolHit [7][0] = 125730
FG_eliminateSymbolHit [7][1] = 10157
FG_eliminateSymbolHit [7][2] = 436
FG_eliminateSymbolHit [8][0] = 685447
FG_eliminateSymbolHit [8][1] = 101148
FG_eliminateSymbolHit [8][2] = 6713
FG_eliminateSymbolHit [9][0] = 1064731
FG_eliminateSymbolHit [9][1] = 242840
FG_eliminateSymbolHit [9][2] = 24836
Freegame Count:  = 200026
bgC1Count = 0 = 45851022
bgC1Count = 1 = 38122502
bgC1Count = 2 = 13308116
bgC1Count = 3 = 2518334
bgC1Count = 4 = 188013
bgC1Count = 5 = 11745
bgC1Count = 6 = 268
fgC1Count = 0 = 1189354
fgC1Count = 1 = 744842
fgC1Count = 2 = 198016
fgC1Count = 3 = 30209
fgC1Count = 4 = 2636
fgC1Count = 5 = 141
fgC1Count = 6 = 2
=======================RNG INFO=======================================
