version = H013192-1.0.0.4R GameID = 101001, Coin in = 625, currency denom = 0.002000, betMultiplier = 0,feature bet = 0, denom Multiplier = 0 
TotalSpin = 100000000, TotalBet = 62500000000
=======================Total RTP=======================================
BaseGameRtp = 0.600822
ScatterRtp = 0.012174
FreeGameRtp = 0.327317
TotalRtp (excluding JP/bonus) = 0.940313
BonusJP Rtp = 0.020040
LinkJP Rtp = 0.000000
TotalRtp (including JP/bonus) = 0.960353
=======================BaseGame info=======================================
BaseGameTTLWin = 38312240950
BG SymbolHit[3][0] = 589273
BG SymbolHit[3][1] = 22977
BG SymbolHit[4][0] = 35698192
BG SymbolHit[4][1] = 4392601
BG SymbolHit[4][2] = 278998
BG SymbolHit[5][0] = 11814359
BG SymbolHit[5][1] = 1470738
BG SymbolHit[5][2] = 32919
BG SymbolHit[6][0] = 37232724
BG SymbolHit[6][1] = 8199050
BG SymbolHit[6][2] = 493086
BG SymbolHit[7][0] = 5772680
BG SymbolHit[7][1] = 357528
BG SymbolHit[7][2] = 5421
BG SymbolHit[8][0] = 674608
BG SymbolHit[8][1] = 32048
BG SymbolHit[8][2] = 930
BG SymbolHit[9][0] = 34116992
BG SymbolHit[9][1] = 5505122
BG SymbolHit[9][2] = 309362
BG SymbolHit[10][0] = 35489849
BG SymbolHit[10][1] = 5968259
BG SymbolHit[10][2] = 364979
BG SymbolHit[11][0] = 128458353
BG SymbolHit[11][1] = 43923954
BG SymbolHit[11][2] = 5454256
BG WheelTable[0] Count = 465290
BG WheelTable[1] Count = 99534710
BG FeatureHit[0] = 731
BG FeatureHit[1] = 27502
BG FeatureHit[2] = 437057
BG FeatureHit[3] = 163108
=======================FreeGame info=======================================
FreeGameTTLRound = 5040140
FreeGameTTLWin = 20457288200
FG SymbolHit[3][0] = 40593
FG SymbolHit[3][1] = 2473
FG SymbolHit[3][2] = 60
FG SymbolHit[4][0] = 411438
FG SymbolHit[4][1] = 55643
FG SymbolHit[4][2] = 4944
FG SymbolHit[5][0] = 274676
FG SymbolHit[5][1] = 27188
FG SymbolHit[5][2] = 1858
FG SymbolHit[6][0] = 1051345
FG SymbolHit[6][1] = 164713
FG SymbolHit[6][2] = 16782
FG SymbolHit[7][0] = 239474
FG SymbolHit[7][1] = 20459
FG SymbolHit[7][2] = 727
FG SymbolHit[8][0] = 1747869
FG SymbolHit[8][1] = 320885
FG SymbolHit[8][2] = 31086
FG SymbolHit[9][0] = 3283942
FG SymbolHit[9][1] = 768659
FG SymbolHit[9][2] = 86198
FG SymbolHit[10][0] = 3705316
FG SymbolHit[10][1] = 981883
FG SymbolHit[10][2] = 134178
FG SymbolHit[11][0] = 4887287
FG SymbolHit[11][1] = 1498172
FG SymbolHit[11][2] = 227135
FG Wheel Table [0] Count = 4000366
FG Wheel Table [1] Count = 1039774
FG FeatureHit[0] = 8
FG FeatureHit[1] = 272
FG FeatureHit[2] = 6227
FG FeatureHit[3] = 70941
FG FeatureHit[4] = 6881
=======================JP info=======================================
LinkJP RTP = 0.000000
BonusJP RTP = 0.020040
JPTotalRound = 169989, avgPeriod = 588.273376
pool[1] hit = 0, ttlWin = 0, avg = 0
pool[2] hit = 0, ttlWin = 0, avg = 0
pool[3] hit = 20129, ttlWin = 100645000, avg = 5000, rtp = 0.008052
pool[4] hit = 149860, ttlWin = 149860000, avg = 1000, rtp = 0.011989
BGC1hit[1] hit = 38065906, FGC1hit[1] = 1731114
BGC1hit[2] hit = 13382110, FGC1hit[2] = 463613
BGC1hit[3] hit = 2630398, FGC1hit[3] = 70941
BGC1hit[4] hit = 157078, FGC1hit[4] = 6227
BGC1hit[5] hit = 6335, FGC1hit[5] = 272
BGC1hit[6] hit = 98, FGC1hit[6] = 8
BG reelC1hit[1] hit = 12824531, FG reelC1hit[1] = 2029321
BG reelC1hit[2] hit = 18287119, FG reelC1hit[2] = 3259879
BG reelC1hit[3] hit = 5899893, FG reelC1hit[3] = 2079332
BG reelC1hit[4] hit = 12151599, FG reelC1hit[4] = 4376143
BG reelC1hit[5] hit = 12027488, FG reelC1hit[5] = 1699889
BG reelC1hit[6] hit = 12191265, FG reelC1hit[6] = 3709445
=======================BaseGame 倍數=======================================
BaseGame 00 = 60508152
BaseGame 0x = 22164534, Pay = 5241445325, 1C1 = 8991997, 2C1 = 3726513, 3C1 = 796716, 4C1 = null, 5C1 = null
BaseGame 1x = 7667895, Pay = 7406262575, 1C1 = 3018537, 2C1 = 1138386, 3C1 = 227189, 4C1 = null, 5C1 = null
BaseGame 2x = 3800360, Pay = 5978899550, 1C1 = 1562986, 2C1 = 744892, 3C1 = 182771, 4C1 = null, 5C1 = null
BaseGame 3x = 2184657, Pay = 4816445725, 1C1 = 887437, 2C1 = 408320, 3C1 = 98255, 4C1 = null, 5C1 = null
BaseGame 4x = 1113884, Pay = 3098319675, 1C1 = 463268, 2C1 = 267550, 3C1 = 77110, 4C1 = null, 5C1 = null
BaseGame 5x = 577926, Pay = 1991213000, 1C1 = 236192, 2C1 = 148184, 3C1 = 46628, 4C1 = null, 5C1 = null
BaseGame 6x = 332249, Pay = 1341744750, 1C1 = 135923, 2C1 = 88793, 3C1 = 28842, 4C1 = null, 5C1 = null
BaseGame 7x = 225271, Pay = 1100511975, 1C1 = 83008, 2C1 = 33108, 3C1 = 8363, 4C1 = null, 5C1 = null
BaseGame 8x = 379980, Pay = 2011044025, 1C1 = 154216, 2C1 = 66737, 3C1 = 15304, 4C1 = null, 5C1 = null
BaseGame 9x = 250058, Pay = 1498025225, 1C1 = 100822, 2C1 = 44827, 3C1 = 10553, 4C1 = null, 5C1 = null
BaseGame 10x = 264664, Pay = 1863354550, 1C1 = 109156, 2C1 = 60592, 3C1 = 17045, 4C1 = null, 5C1 = null
BaseGame 15x = 35383, Pay = 405022550, 1C1 = 13740, 2C1 = 6785, 3C1 = 1915, 4C1 = null, 5C1 = null
BaseGame 20x = 29697, Pay = 397105500, 1C1 = 12264, 2C1 = 5821, 3C1 = 1508, 4C1 = null, 5C1 = null
=======================Base Game RNG INFO=======================================
Base Game RNG[10x] = [989535397, 0, 43, 98, 191, 168, 156, 159]
Base Game RNG[20x] = [995308148, 0, 20, 83, 120, 146, 75, 13, 5424414012]
Base Game RNG[30x] = [997816396, 999349676, 0, 179, 177, 11, 24, 174, 198, 6331271813, 0, 1, 5, 3, 0, 4, 4, 1, 2, 53, 97, 13, 16, 63, 13, 524497300, 97, 42, 67, 42, 57, 67, 770860494, 186, 78, 24, 44, 47, 68, 88965, 149501, 8811497513, 61, 86, 19, 28, 27, 51, 116881, 124225, 193571, 78, 19, 18, 0, 66, 50, 199910, 2834477439, 51, 20, 157, 177, 51, 143, 53253, 94, 4, 19, 5, 1, 92, 72328, 180690, 154522, 115130, 55, 58, 47, 88, 24, 25, 132689, 104457, 161710, 24, 46, 4, 88, 10, 96, 134559, 203009, 30, 33, 51, 31, 87, 71, 107829, 96043]
Base Game RNG[40x] = [997908903, 623791184, 0, 184, 186, 115, 59, 149, 4, 8452301856, 0, 2, 8, 46, 171, 152, 160, 99, 36, 7579123536, 182, 120, 43, 80, 143, 80, 74352, 67838, 43483, 98, 20, 21, 1, 96, 50, 9179945256, 153, 68, 103, 4, 88, 58, 17025, 153, 87, 1, 123, 62, 117, 110, 60, 171, 47, 90, 179, 116, 93, 29, 185, 129, 150, 31635, 81, 52, 177, 116, 140, 101, 109, 172, 130, 146, 34, 13, 15071, 9108681367, 52, 20, 4, 61, 60, 40, 2913]
Base Game RNG[80x] = [995813003, 787538458, 0, 171, 189, 159, 56, 195, 0, 8930385799, 0, 3, 1, 139, 198, 78, 88, 117, 67, 88, 18, 77, 86, 95, 98, 51931, 70538, 115, 87, 133, 49, 131, 161, 21969, 41, 13, 54, 62, 11, 43, 72162, 126, 165, 100, 25, 117, 16, 39892, 171, 166, 157, 110, 116, 116, 76663, 5756577060, 112, 5, 72, 186, 188, 63, 3133957381, 56, 51, 24, 48, 94, 179, 8990407189, 139, 120, 180, 68, 176, 7, 13201, 59781, 28, 125, 10, 46, 140, 84, 11637, 7382]
Base Game RNG[90x] = [999660960, 153802007, 0, 107, 164, 28, 42, 78, 3, 4450213541, 0, 6, 4, 35, 48, 128, 31, 59, 167, 724, 2814777528, 48, 191, 66, 154, 159, 112, 63749, 17, 102, 68, 58, 1, 175, 8222066641, 70, 154, 150, 14, 139, 75, 34096, 6806081882, 34, 65, 75, 42, 97, 57, 2806968327, 108, 199, 176, 182, 157, 114, 36516, 6463457811, 72, 39, 39, 86, 68, 68, 10644, 49498, 34964, 10590, 159, 35, 99, 61, 72, 179, 8452511918, 68, 48, 158, 180, 90, 53, 134, 194, 74, 1, 29, 186, 49375, 54720, 478805188]
Base Game RNG[100x] = [995493952, 362512426, 0, 88, 196, 164, 119, 84, 124, 7527299220, 0, 8, 5, 95, 122, 96, 115, 43, 36, 7080511075, 141, 134, 39, 187, 51, 118, 66739, 79, 37, 135, 69, 107, 27, 4854279432, 61, 26, 85, 74, 70, 8, 14, 113, 118, 41, 175, 49, 74577, 7130, 87, 58, 72, 61, 82, 10, 67169, 58331, 7885507127, 31, 165, 122, 134, 114, 77, 64455, 8261989309, 160, 135, 174, 49, 22, 120, 4729343035, 55, 52, 83, 74, 68, 73, 56075, 4829, 161, 64, 80, 173, 0, 3, 39638]
=======================Base Game C1 RNG INFO=======================================
Base Game C1[3] = [728768461, 0, 173, 37, 144, 53, 25, 1, 2774666887]
Base Game C1[4] = [997562203, 953234245, 0, 55, 51, 6, 114, 87, 120, 7872493363, 0, 7, 1, 151, 110, 12, 127, 195, 6, 70, 83, 85, 42, 40, 52, 13602, 35934, 41718, 9066268346, 128, 163, 59, 101, 25, 169, 12345, 34606, 105, 135, 89, 37, 37, 107, 1556126089, 183, 79, 176, 27, 179, 31, 77874, 22291, 14, 77, 108, 128, 97, 81, 79122, 67072, 109, 124, 63, 86, 95, 86, 38153, 66, 16, 10, 95, 25, 53, 22677, 145, 88, 118, 77, 120, 149, 3, 158, 68, 181, 62, 33, 22792]
Base Game C1[5] = [996228481, 280893118, 0, 16, 155, 161, 112, 84, 129, 3035894360, 0, 3, 4, 198, 175, 162, 119, 157, 174, 8063718990, 12, 84, 133, 160, 152, 71, 69918, 15125, 1429681443, 164, 22, 156, 153, 89, 28, 5, 48, 64, 28, 9, 68, 76915, 25655, 57177, 1341883326, 100, 178, 191, 195, 55, 51, 63, 30, 15, 6, 7, 2, 50222, 46867, 58568, 76193, 4031, 22171, 96, 143, 127, 60, 177, 149, 28358, 19191, 40, 48, 129, 82, 77, 129, 164, 103, 155, 141, 153, 173, 4124858793, 131, 17, 180, 14, 101, 103, 6003879710]
Base Game C1[6] = [997243166, 797715028, 0, 89, 187, 9, 147, 85, 136, 447501196, 0, 4, 3, 47, 189, 113, 165, 159, 82, 12175, 1478133199, 89, 34, 135, 139, 56, 111, 40402, 53572, 181, 101, 28, 109, 150, 176, 1877572748, 53, 1, 60, 5, 16, 76, 50895, 77793, 51830, 15, 5, 16, 57, 24, 4, 20074, 46051, 53730, 19154, 154, 68, 111, 147, 192, 150, 44058, 60180, 165, 199, 71, 49, 198, 147, 2322446276, 22, 172, 196, 77, 35, 122, 3670199136, 69, 118, 100, 67, 90, 123, 6512, 6708152303, 127, 38, 5, 159, 146, 166, 48773, 9012257901]
=======================整場FreeGame 倍數=======================================
FreeGame 00 = 0
FreeGame 8x = 10896, Pay = 58140675, 1C1 = 251059, 2C1 = 67017, 3C1 = 12481, 4C1 = 1082, 5C1 = 40
FreeGame 9x = 11384, Pay = 67850075, 1C1 = 222997, 2C1 = 59460, 3C1 = 10875, 4C1 = 926, 5C1 = 43
FreeGame 10x = 52016, Pay = 404754925, 1C1 = 812236, 2C1 = 217341, 3C1 = 39634, 4C1 = 3394, 5C1 = 136
FreeGame 15x = 43802, Pay = 478361325, 1C1 = 571837, 2C1 = 153144, 3C1 = 28397, 4C1 = 2402, 5C1 = 109
FreeGame 20x = 35159, Pay = 493833350, 1C1 = 405749, 2C1 = 108997, 3C1 = 20024, 4C1 = 1728, 5C1 = 66
FreeGame 25x = 31062, Pay = 533219925, 1C1 = 303350, 2C1 = 82146, 3C1 = 14931, 4C1 = 1391, 5C1 = 59
FreeGame 30x = 25728, Pay = 521014350, 1C1 = 242535, 2C1 = 66296, 3C1 = 12117, 4C1 = 1139, 5C1 = 42
FreeGame 35x = 23229, Pay = 544645850, 1C1 = 206236, 2C1 = 55997, 3C1 = 10583, 4C1 = 992, 5C1 = 40
FreeGame 40x = 20583, Pay = 546534000, 1C1 = 160645, 2C1 = 44082, 3C1 = 7990, 4C1 = 724, 5C1 = 32
FreeGame 45x = 18485, Pay = 548449550, 1C1 = 145322, 2C1 = 39738, 3C1 = 7591, 4C1 = 754, 5C1 = 35
FreeGame 50x = 31143, Pay = 1067675225, 1C1 = 223382, 2C1 = 60948, 3C1 = 11937, 4C1 = 1156, 5C1 = 56
FreeGame 60x = 25311, Pay = 1025563600, 1C1 = 170386, 2C1 = 46692, 3C1 = 9385, 4C1 = 875, 5C1 = 51
FreeGame 70x = 20662, Pay = 966507650, 1C1 = 134261, 2C1 = 37208, 3C1 = 7816, 4C1 = 829, 5C1 = 37
FreeGame 80x = 16559, Pay = 877932100, 1C1 = 105490, 2C1 = 29217, 3C1 = 6557, 4C1 = 705, 5C1 = 22
FreeGame 90x = 13460, Pay = 798305025, 1C1 = 85140, 2C1 = 23565, 3C1 = 5310, 4C1 = 588, 5C1 = 27
FreeGame 100x = 20713, Pay = 1416244925, 1C1 = 125886, 2C1 = 35098, 3C1 = 8343, 4C1 = 892, 5C1 = 46
FreeGame 120x = 14253, Pay = 1152643975, 1C1 = 85863, 2C1 = 23981, 3C1 = 5980, 4C1 = 731, 5C1 = 46
FreeGame 140x = 10062, Pay = 939942550, 1C1 = 60700, 2C1 = 17220, 3C1 = 4494, 4C1 = 503, 5C1 = 32
FreeGame 160x = 7275, Pay = 771149500, 1C1 = 44496, 2C1 = 12624, 3C1 = 3387, 4C1 = 442, 5C1 = 12
FreeGame 180x = 5409, Pay = 640548000, 1C1 = 33437, 2C1 = 9425, 3C1 = 2617, 4C1 = 329, 5C1 = 19
FreeGame 200x = 7887, Pay = 1094334575, 1C1 = 52194, 2C1 = 14794, 3C1 = 4287, 4C1 = 557, 5C1 = 36
FreeGame 250x = 5053, Pay = 868755500, 1C1 = 34494, 2C1 = 9933, 3C1 = 2804, 4C1 = 341, 5C1 = 16
FreeGame 300x = 4030, Pay = 813895050, 1C1 = 26555, 2C1 = 7456, 3C1 = 2110, 4C1 = 293, 5C1 = 14
FreeGame 350x = 2365, Pay = 551337950, 1C1 = 16362, 2C1 = 4667, 3C1 = 1261, 4C1 = 179, 5C1 = 10
FreeGame 400x = 2267, Pay = 600267750, 1C1 = 15125, 2C1 = 4182, 3C1 = 1157, 4C1 = 143, 5C1 = 10
FreeGame 450x = 1991, Pay = 590456350, 1C1 = 12358, 2C1 = 3405, 3C1 = 809, 4C1 = 107, 5C1 = 4
FreeGame 500x = 1744, Pay = 572346800, 1C1 = 8887, 2C1 = 2385, 3C1 = 489, 4C1 = 68, 5C1 = 4
FreeGame 550x = 583, Pay = 206281000, 1C1 = 3117, 2C1 = 824, 3C1 = 178, 4C1 = 17, 5C1 = 1
FreeGame 600x = 283, Pay = 109495725, 1C1 = 1604, 2C1 = 409, 3C1 = 93, 4C1 = 9, 5C1 = 1
FreeGame 800x = 415, Pay = 213571050, 1C1 = 2556, 2C1 = 705, 3C1 = 136, 4C1 = 12, 5C1 = null
FreeGame 850x = 298, Pay = 162755925, 1C1 = 1767, 2C1 = 536, 3C1 = 97, 4C1 = 7, 5C1 = null
FreeGame 900x = 214, Pay = 123639775, 1C1 = 1393, 2C1 = 426, 3C1 = 87, 4C1 = 7, 5C1 = null
FreeGame 950x = 198, Pay = 120726950, 1C1 = 1283, 2C1 = 343, 3C1 = 74, 4C1 = 5, 5C1 = 1
FreeGame 1000x = 771, Pay = 576107225, 1C1 = 4917, 2C1 = 1295, 3C1 = 219, 4C1 = 19, 5C1 = null
=======================FreeGame 單round 倍數=======================================
FreeOneRound 0x = 238752, Pay = 212334700
FreeOneRound 1x = 166531, Pay = 247557875
FreeOneRound 2x = 136649, Pay = 289685375
FreeOneRound 3x = 115545, Pay = 321061700
FreeOneRound 4x = 70152, Pay = 237204050
FreeOneRound 5x = 80616, Pay = 318736150
FreeOneRound 6x = 70214, Pay = 325265625
FreeOneRound 7x = 61270, Pay = 321392300
FreeOneRound 8x = 55442, Pay = 326605725
FreeOneRound 9x = 47700, Pay = 311196900
FreeOneRound 10x = 163275, Pay = 1349036750
FreeOneRound 15x = 107318, Pay = 1221255875
FreeOneRound 20x = 72070, Pay = 1049965325
FreeOneRound 25x = 49024, Pay = 868324000
FreeOneRound 30x = 38219, Pay = 794350800
FreeOneRound 35x = 30913, Pay = 741033425
FreeOneRound 40x = 21706, Pay = 587569000
FreeOneRound 45x = 19441, Pay = 586617975
FreeOneRound 50x = 27226, Pay = 947795625
FreeOneRound 60x = 18840, Pay = 773733950
FreeOneRound 70x = 14041, Pay = 665189550
FreeOneRound 80x = 10490, Pay = 561974600
FreeOneRound 90x = 8290, Pay = 497203500
FreeOneRound 100x = 11289, Pay = 779032975
FreeOneRound 120x = 7352, Pay = 599299550
FreeOneRound 140x = 5104, Pay = 480231000
FreeOneRound 160x = 3780, Pay = 403779075
FreeOneRound 180x = 2837, Pay = 338142650
FreeOneRound 200x = 4948, Pay = 694551350
FreeOneRound 250x = 3473, Pay = 596946200
FreeOneRound 300x = 2462, Pay = 497983525
FreeOneRound 350x = 1727, Pay = 405605450
FreeOneRound 400x = 1442, Pay = 382755325
FreeOneRound 450x = 1077, Pay = 319130925
FreeOneRound 500x = 549, Pay = 179677125
FreeOneRound 550x = 209, Pay = 74845375
FreeOneRound 600x = 122, Pay = 47592125
FreeOneRound 650x = 87, Pay = 36958925
FreeOneRound 700x = 135, Pay = 61356900
FreeOneRound 750x = 208, Pay = 101198850
FreeOneRound 800x = 245, Pay = 126038025
FreeOneRound 850x = 167, Pay = 91475650
FreeOneRound 900x = 143, Pay = 82796225
FreeOneRound 950x = 144, Pay = 87815475
FreeOneRound 1000x = 511, Pay = 378834500
=======================FreeGame RNG INFO=======================================
Free Game RNG[10x] = [995550601, 245197067, 0, 99, 115, 165, 122, 194, 2, 5925171443, 0, 9, 6, 11, 137, 47, 20, 85, 188, 35517, 56758, 42269, 28, 22, 158, 83, 173, 107, 47483, 95, 99, 20, 92, 187, 83, 59690, 30720, 18951, 5902018566, 35, 112, 99, 176, 73, 100, 151, 108, 72, 193, 45, 93, 82, 133, 53, 37, 172, 40, 33611, 4581707449, 43, 17, 13, 18, 70, 88, 38569, 133, 141, 160, 100, 178, 155, 67000, 3954953750, 18, 18, 28, 98, 61, 136, 25151, 65, 64, 75, 34, 99, 46, 68498, 6050746593]
Free Game RNG[20x] = [997683327, 208725486, 0, 170, 21, 78, 41, 153, 4, 5941248443, 0, 3, 7, 157, 170, 133, 28, 35, 167, 57191, 7380698010, 137, 148, 92, 25, 49, 157, 8707260169, 145, 90, 153, 197, 53, 189, 33, 49, 68, 15, 25, 10, 62380, 4201378609, 84, 194, 188, 37, 75, 152, 7857879476, 127, 13, 107, 154, 93, 140, 63563, 66211, 171, 73, 10, 127, 174, 99, 10196, 52, 153, 131, 171, 92, 7, 2752, 521, 41868, 6965903381, 69, 43, 42, 91, 93, 32, 38051, 50178, 61, 50, 62, 107, 39, 175, 76566, 6734362656]
Free Game RNG[30x] = [996860066, 459031067, 0, 174, 127, 115, 117, 196, 132, 1014098267, 0, 3, 2, 102, 30, 35, 120, 1, 136, 163, 138, 59, 187, 2, 33, 63023, 61301, 19, 19, 5, 53, 4, 89, 73628, 85, 99, 57, 52, 97, 44, 31, 136, 180, 164, 85, 199, 22238, 31375, 8353407095, 17, 122, 109, 197, 92, 135, 74640, 31118, 10, 33, 59, 57, 7, 137, 12394, 64829, 26689, 65751, 0, 199, 16, 179, 77, 70, 49601, 2538419176, 128, 129, 152, 99, 92, 172, 164, 42, 155, 196, 109, 143]
Free Game RNG[40x] = [995507254, 517456558, 0, 113, 110, 172, 51, 193, 139, 8683944758, 0, 1, 0, 5, 69, 64, 68, 74, 46, 9609, 3630136271, 0, 8, 82, 4, 85, 82, 29, 13693, 50095, 3747793347, 110, 17, 172, 146, 106, 192, 122, 197, 58, 186, 54, 54, 5496016286, 87, 175, 10, 1, 8, 49, 42290, 10236, 16, 6, 175, 159, 189, 13, 13403, 8846121776, 39, 62, 26, 132, 33, 135, 29729, 9529341344, 159, 29, 26, 41, 170, 33, 3508192537, 140, 138, 51, 65, 195, 95, 67933, 7236, 56, 27, 180, 149, 118, 154, 9, 99, 69, 33, 2, 49, 90, 41, 175, 169, 27, 45, 33862, 678614893, 137, 10, 170, 16, 64, 2, 64256, 8929, 45737, 44617, 5, 190, 181, 31, 18, 153, 155, 65, 153, 0, 187, 97, 10, 34639, 18252, 2214520698]
Free Game RNG[50x] = [999199819, 593450905, 0, 27, 188, 154, 67, 82, 121, 8948378048, 0, 2, 0, 46, 56, 89, 5, 5, 44, 2202, 3809, 8, 180, 162, 140, 70, 27, 42, 73, 70, 93, 31, 25, 37753, 45175, 55904, 4530843371, 177, 101, 65, 136, 169, 28, 63747, 37949, 197, 7, 104, 123, 168, 116, 10, 86, 168, 114, 167, 99, 58210, 37, 170, 86, 72, 36, 57, 151, 117, 154, 114, 173, 65, 56330, 77395, 15, 64, 192, 33, 24, 31, 58368, 20545, 7847823165, 109, 65, 40, 121, 163, 144, 17919]
Free Game RNG[60x] = [997851588, 666462955, 0, 102, 145, 18, 114, 119, 196, 3864368108, 0, 7, 0, 67, 15, 55, 7, 79, 61, 37008, 78976, 2418688297, 68, 128, 43, 28, 163, 101, 94, 193, 173, 14, 157, 198, 29172, 9629081308, 20, 131, 193, 19, 35, 40, 27207, 179, 140, 182, 141, 195, 12, 29867, 55723, 5240, 14016, 55772, 37434707, 147, 58, 23, 88, 19, 190, 9125093178, 11, 167, 104, 56, 27, 160, 54421, 5380, 2141766644, 50, 41, 3, 8, 16, 8, 70281, 62000, 68276, 134, 43, 58, 73, 66, 120, 8771231063, 47, 69, 8, 123, 143, 94, 71991]
Free Game RNG[70x] = [995548727, 728977970, 0, 160, 110, 163, 8, 195, 131, 644621346, 0, 3, 8, 90, 148, 69, 108, 105, 23, 55965, 9430857294, 181, 3, 46, 129, 40, 62, 132, 4, 55, 59, 63, 141, 48201, 8200956078, 25, 3, 94, 51, 10, 78, 20587, 5160, 102, 61, 21, 73, 85, 114, 78993, 44829, 7292949346, 156, 5, 143, 182, 81, 193, 5461750322, 150, 108, 61, 148, 144, 138, 36007, 65362, 123, 61, 61, 196, 131, 77, 46184, 6123452678, 74, 125, 115, 27, 155, 186, 50568, 5, 61, 90, 25, 74, 49, 41047, 58952, 9853510670]
Free Game RNG[80x] = [999207206, 795255067, 0, 28, 158, 114, 58, 27, 122, 9137926318, 0, 8, 1, 152, 177, 19, 17, 78, 148, 55769, 40641, 85, 93, 43, 4, 38, 7, 46385, 174, 7, 174, 99, 149, 29, 89, 127, 110, 136, 46, 115, 13441, 17388, 102, 174, 23, 35, 30, 197, 64905, 2258124767, 117, 181, 104, 48, 138, 108, 158, 131, 4, 85, 151, 19, 12006, 2, 44, 185, 103, 103, 137, 76769, 4158182884, 66, 9, 68, 12, 86, 17, 7191380425, 194, 84, 10, 32, 89, 77, 7985, 6857781817]
Free Game RNG[90x] = [998762220, 770492353, 0, 27, 16, 34, 3, 85, 120, 6301951333, 0, 8, 6, 181, 32, 172, 93, 182, 194, 27662, 71790, 2521082457, 53, 161, 28, 6, 12, 12, 50529, 6781544403, 61, 49, 122, 79, 99, 196, 8874243454, 51, 134, 85, 96, 23, 132, 60, 25, 148, 19, 11, 22, 47953, 117, 100, 41, 128, 63, 102, 13, 52, 69, 29, 31, 7, 6949, 45029, 181, 74, 105, 26, 195, 141, 35739, 55, 26, 29, 13, 20, 27, 51391, 7775417902, 63, 128, 144, 185, 173, 180, 59491, 62793, 7953861824]
Free Game RNG[100x] = [997468629, 862639268, 0, 53, 116, 112, 39, 192, 120, 5973895898, 0, 1, 5, 132, 86, 167, 167, 192, 163, 3368, 6202078535, 68, 57, 22, 20, 72, 11, 28824, 39711, 58846, 8218726725, 0, 143, 78, 195, 38, 102, 131, 19532, 7815810755, 2, 111, 131, 84, 170, 57, 100, 7643932427, 104, 179, 27, 194, 48, 185, 31523, 36, 95, 53, 175, 117, 49, 73680, 72, 87, 82, 24, 80, 59, 77390, 3145503814, 97, 93, 161, 68, 8, 149, 73050, 43165, 141, 103, 153, 104, 141, 21, 5790773530, 146, 112, 147, 119, 111, 83, 50747, 7891101102, 81, 57, 2, 0, 94, 69, 54933, 48689, 67118, 72421, 30, 67, 146, 57, 191, 23, 64796, 5677, 288018181, 195, 28, 94, 183, 120, 127, 5042975765, 122, 65, 132, 199, 66, 38, 49241, 99, 126, 195, 17, 186, 101, 49937, 3833851347, 79, 193, 45, 112, 38, 163, 6017780666, 32, 41, 89, 16, 151, 139, 55196, 47460, 4, 47, 78, 20, 94, 75, 24563, 9661, 72472, 45806, 9177398198, 23, 51, 159, 81, 137, 85, 150, 40, 155, 39, 57, 126, 5448867629]
Free Game RNG[200x] = [997562203, 953234245, 0, 55, 51, 6, 114, 87, 120, 7872493363, 0, 7, 1, 151, 110, 12, 127, 195, 6, 70, 83, 85, 42, 40, 52, 13602, 35934, 41718, 9066268346, 128, 163, 59, 101, 25, 169, 12345, 34606, 105, 135, 89, 37, 37, 107, 1556126089, 183, 79, 176, 27, 179, 31, 77874, 22291, 14, 77, 108, 128, 97, 81, 79122, 67072, 109, 124, 63, 86, 95, 86, 38153, 66, 16, 10, 95, 25, 53, 22677, 145, 88, 118, 77, 120, 149, 3, 158, 68, 181, 62, 33, 22792]
Free Game RNG[300x] = [996300246, 976684589, 0, 27, 109, 158, 125, 117, 3, 3625565056, 0, 5, 8, 79, 38, 167, 139, 113, 33, 5948051629, 198, 69, 45, 127, 95, 9, 27472, 115, 117, 185, 129, 127, 101, 55228, 186, 183, 97, 37, 183, 143, 34864, 70115, 9617785232, 132, 33, 154, 54, 150, 132, 9664998813, 2, 15, 63, 81, 26, 30, 49, 61919, 4575284367, 21, 95, 23, 72, 54, 28, 42850, 16100, 77259, 8282625543, 25, 31, 84, 69, 173, 8, 11028, 73092, 22, 44, 104, 145, 123, 69, 2, 91, 15, 76, 40, 37, 58420, 45, 175, 50, 44, 146, 21, 44, 69, 72, 50, 138, 91, 20240, 94, 93, 66, 53, 58, 38, 25235, 3519309286, 121, 199, 154, 131, 192, 172, 66796, 4083017631, 198, 80, 8, 19, 111, 163, 28476, 983]
Free Game RNG[400x] = [996968157, 978287500, 0, 88, 26, 102, 182, 193, 3, 1233866485, 0, 9, 5, 192, 42, 30, 59, 119, 28, 55, 105, 111, 18, 102, 86, 66738, 4005986020, 151, 197, 47, 81, 41, 138, 35747, 1162959371, 49, 22, 14, 131, 115, 101, 174, 135, 79, 35, 83, 94, 994065072, 53, 4, 22, 41, 33, 0, 6730, 23628, 78573, 32472, 71737, 6781249160, 127, 170, 157, 57, 192, 139, 53353, 4098, 90, 126, 155, 186, 31, 46, 8438, 12670, 199, 156, 148, 39, 128, 198, 16378, 70047, 30362, 9526870101, 15, 61, 83, 58, 80, 43, 49021]
Free Game RNG[500x] = [995362075, 990859206, 0, 92, 127, 101, 19, 186, 120, 2687312429, 0, 6, 1, 4, 0, 1, 4, 2, 0, 2, 74, 19, 85, 45, 91, 62537, 204627, 22300, 110892, 52, 27, 58, 82, 50, 58, 149866, 201321, 75, 17, 21, 75, 86, 1, 50552, 36063, 1384389508, 4, 33, 83, 39, 62, 96, 7, 136509, 42499, 127155, 30, 50, 57, 115, 180, 15, 80216, 819594097, 43, 5, 89, 79, 15, 69, 111102, 90, 16, 66, 45, 65, 2, 50957, 46500, 159242, 274906971, 27, 85, 0, 69, 41, 34, 35914, 31602, 3873213261, 116, 11, 50, 95, 124, 6, 41159, 89056, 42, 12, 42, 55, 13, 55, 86098, 101, 45, 6, 91, 13, 68, 13166, 170, 76, 176, 5, 54, 137, 111936, 133569, 32, 16, 180, 9, 20, 118, 38702, 154, 51, 77, 31, 147, 177, 74193, 52, 8, 45, 48, 0, 98, 157609]
Free Game RNG[600x] = [998449793, 995643072, 0, 60, 27, 14, 53, 68, 3, 6920604646, 0, 0, 2, 3, 1, 0, 3, 3, 1, 8, 72, 47, 30, 96, 54, 3142, 168662, 66, 39, 13, 11, 76, 4, 60646, 154127, 53006, 69, 89, 33, 89, 93, 35, 101143, 110332, 46, 32, 39, 60, 72, 47, 179496, 27, 23, 81, 9, 147, 75, 4836405798, 95, 15, 9, 24, 19, 34, 4254334164, 3, 8, 58, 33, 12, 59, 136088, 195584, 172735, 200427, 154714970, 128, 32, 66, 196, 191, 26, 54465, 5714503495, 57, 68, 49, 54, 19, 61, 2411370272, 87, 68, 60, 39, 65, 37, 9862450452]
Free Game RNG[800x] = [998578171, 996670201, 0, 170, 118, 89, 50, 136, 1, 5761445565, 0, 2, 3, 5, 4, 4, 4, 1, 0, 78, 70, 3, 23, 39, 47, 145754, 9265, 1667025668, 56, 38, 20, 33, 13, 15, 176713, 202801, 49764, 4167, 112405, 9663429585, 0, 77, 78, 33, 65, 50, 31, 91845, 5502034675, 69, 127, 21, 92, 36, 58, 9698829107, 88, 5, 61, 8, 67, 24, 52156, 35599, 77, 6, 175, 101, 166, 195, 70, 32, 50, 51, 92, 54, 149736, 132934, 200833, 75, 96, 34, 4, 53, 4, 160213, 202113, 66532, 9642634391, 33, 30, 69, 73, 68, 26, 6542, 42423, 414424448, 49, 53, 9, 67, 57, 74, 55226, 2635816208, 36, 86, 30, 70, 87, 29, 3870720643, 98, 100, 17, 40, 85, 6, 61103, 61601, 66, 63, 106, 3, 156, 108, 96526, 178, 155, 179, 157, 175, 164, 95263, 30510, 112346, 5410485124, 181, 136, 130, 173, 106, 171, 114085, 108455]
Free Game RNG[900x] = [996598652, 998277319, 0, 29, 166, 6, 114, 196, 124, 8466448351, 0, 4, 5, 1, 6, 2, 1, 3, 1, 20, 45, 24, 1, 116, 156, 4247045091, 62, 74, 70, 42, 98, 41, 65059, 5415805263, 61, 1, 75, 20, 56, 16, 44763, 14806, 4334215521, 47, 23, 47, 59, 41, 38, 122498, 53, 80, 59, 33, 99, 32, 186986, 175662, 49564, 108898, 43, 20, 86, 68, 96, 1, 2197, 4049, 4783553829, 70, 3, 44, 25, 99, 77, 8753, 22283, 112, 80, 37, 97, 110, 126, 63, 24, 99, 74, 21, 7, 149811, 70, 92, 4, 98, 55, 73, 167267, 62477]
Free Game RNG[1000x] = [997264539, 998252389, 0, 22, 31, 9, 169, 193, 0, 2311850242, 0, 0, 8, 1, 4, 5, 1, 1, 1, 78, 96, 34, 54, 68, 30, 125143, 4703257697, 17, 65, 151, 77, 156, 12, 3951538812, 97, 94, 34, 10, 27, 26, 175866, 201706, 88, 32, 76, 36, 30, 58, 149788, 71, 42, 34, 31, 95, 23, 5282, 150020, 15695, 36, 20, 93, 71, 92, 7, 81944, 6029366017, 16, 6, 93, 3, 33, 5, 35054, 205602, 74889, 160320, 84, 70, 64, 79, 155, 154, 74562, 30, 10, 92, 48, 46, 19, 5, 56, 67, 30, 97, 50, 122982, 7292269506]
=======================FreeGame C1 RNG INFO=======================================
Free Game C1[3] = [995507254, 517456558, 0, 113, 110, 172, 51, 193, 139, 8683944758, 0, 1, 0, 5, 69, 64, 68, 74, 46, 9609, 3630136271, 0, 8, 82, 4, 85, 82, 29, 13693, 50095, 3747793347, 110, 17, 172, 146, 106, 192, 122, 197, 58, 186, 54, 54, 5496016286, 87, 175, 10, 1, 8, 49, 42290, 10236, 16, 6, 175, 159, 189, 13, 13403, 8846121776, 39, 62, 26, 132, 33, 135, 29729, 9529341344, 159, 29, 26, 41, 170, 33, 3508192537, 140, 138, 51, 65, 195, 95, 67933, 7236, 56, 27, 180, 149, 118, 154, 9, 99, 69, 33, 2, 49, 90, 41, 175, 169, 27, 45, 33862, 678614893, 137, 10, 170, 16, 64, 2, 64256, 8929, 45737, 44617, 5, 190, 181, 31, 18, 153, 155, 65, 153, 0, 187, 97, 10, 34639, 18252, 2214520698]
Free Game C1[4] = [998397936, 634088824, 0, 27, 113, 167, 118, 183, 128, 4048331979, 0, 0, 6, 60, 99, 77, 51, 82, 88, 38914, 7501856703, 69, 90, 55, 80, 102, 187, 40941, 3183715957, 134, 68, 198, 162, 3, 58, 421, 7441723017, 14, 80, 150, 90, 177, 185, 47609, 40358, 67777, 196, 75, 169, 112, 131, 112, 29716, 99, 195, 65, 146, 171, 25, 23960, 5412723536, 63, 128, 89, 159, 123, 115, 5377, 47910, 69, 83, 45, 68, 91, 87, 4003, 75896, 76352, 3547189751, 8, 31, 137, 74, 22, 124, 6359265451, 139, 81, 146, 174, 183, 158, 2182749714, 4, 84, 34, 56, 110, 125, 8, 56188209, 136, 199, 119, 198, 173, 26, 45479, 109, 98, 64, 187, 7, 136, 58845, 82, 32, 121, 70, 50, 108, 84, 43, 46, 26, 3, 99, 28539, 73906, 8880990221]
Free Game C1[5] = [999288894, 883123629, 0, 46, 117, 18, 116, 188, 133, 9081632224, 0, 2, 1, 191, 12, 50, 182, 193, 182, 44593, 71418, 48, 89, 69, 64, 68, 26, 9138, 73274, 46, 88, 30, 48, 17, 99, 45762, 36, 7, 28, 149, 143, 112, 15170, 4, 7, 33, 64, 95, 127, 141, 84, 27, 37, 193, 131, 33762, 20530, 8676394727, 2, 85, 183, 64, 69, 57, 178, 180, 33, 77, 190, 171, 121, 40324, 2834539227, 182, 130, 104, 120, 129, 184, 45477, 169, 140, 7, 48, 149, 70, 20394, 26008, 33869, 76, 75, 183, 75, 79, 146, 2, 93, 161, 127, 51, 132, 67386, 38, 10, 65, 12, 4, 86, 38914, 1353082695, 88, 114, 170, 159, 120, 168, 50512, 7170919258, 70, 117, 73, 196, 174, 100, 69194, 28121]
Free Game C1[6] = [999264356, 982015864, 0, 90, 115, 184, 53, 143, 137, 917604037, 0, 5, 4, 116, 126, 137, 53, 122, 59, 44623, 8746128417, 67, 124, 61, 167, 36, 121, 54221, 11895, 9387959115, 109, 157, 95, 162, 102, 53, 1793248253, 103, 37, 143, 35, 188, 19, 29882, 7845071859, 1, 26, 97, 28, 54, 18, 1, 18617, 74080, 19, 63, 34, 3, 27, 72, 8269, 47078, 3575333415, 103, 97, 138, 139, 139, 103, 75, 195, 83, 7, 175, 177, 38214, 1470266086, 153, 76, 142, 151, 69, 3, 42972, 28, 110, 23, 141, 109, 42, 7215204712, 25, 141, 68, 158, 117, 41, 24496, 72, 63, 83, 19, 64, 24, 27013, 27591, 28756, 4328955629, 157, 155, 169, 87, 66, 65, 12331, 143, 88, 161, 190, 159, 55, 176, 16, 175, 25, 153, 1, 61876, 20060, 44983]
=======================整場Top Up Game 倍數=======================================
=======================by Game Data=======================================
BG_eliminateSymbolHit[10][0] = 26758151
BG_eliminateSymbolHit[10][1] = 4638462
BG_eliminateSymbolHit[10][2] = 390502
BG_eliminateSymbolHit[11][0] = 37236426
BG_eliminateSymbolHit[11][1] = 9700612
BG_eliminateSymbolHit[11][2] = 1170106
BG_eliminateSymbolHit[3][0] = 940132
BG_eliminateSymbolHit[3][1] = 15386
BG_eliminateSymbolHit[3][2] = 12
BG_eliminateSymbolHit[4][0] = 34410587
BG_eliminateSymbolHit[4][1] = 3889182
BG_eliminateSymbolHit[4][2] = 158428
BG_eliminateSymbolHit[5][0] = 12833065
BG_eliminateSymbolHit[5][1] = 1458708
BG_eliminateSymbolHit[5][2] = 19233
BG_eliminateSymbolHit[6][0] = 27687678
BG_eliminateSymbolHit[6][1] = 5313507
BG_eliminateSymbolHit[6][2] = 186340
BG_eliminateSymbolHit[7][0] = 5111963
BG_eliminateSymbolHit[7][1] = 411671
BG_eliminateSymbolHit[7][2] = 5982
BG_eliminateSymbolHit[8][0] = 1552732
BG_eliminateSymbolHit[8][1] = 157940
BG_eliminateSymbolHit[8][2] = 10261
BG_eliminateSymbolHit[9][0] = 25156590
BG_eliminateSymbolHit[9][1] = 4064791
BG_eliminateSymbolHit[9][2] = 284571
FG's Base Pay:  = 1162846525
FG_eliminateSymbolHit [10][0] = 2446106
FG_eliminateSymbolHit [10][1] = 593661
FG_eliminateSymbolHit [10][2] = 67039
FG_eliminateSymbolHit [11][0] = 2565400
FG_eliminateSymbolHit [11][1] = 662508
FG_eliminateSymbolHit [11][2] = 79714
FG_eliminateSymbolHit [3][0] = 53984
FG_eliminateSymbolHit [3][1] = 2840
FG_eliminateSymbolHit [3][2] = 36
FG_eliminateSymbolHit [4][0] = 720341
FG_eliminateSymbolHit [4][1] = 106420
FG_eliminateSymbolHit [4][2] = 7689
FG_eliminateSymbolHit [5][0] = 371373
FG_eliminateSymbolHit [5][1] = 39468
FG_eliminateSymbolHit [5][2] = 2705
FG_eliminateSymbolHit [6][0] = 929487
FG_eliminateSymbolHit [6][1] = 118045
FG_eliminateSymbolHit [6][2] = 7996
FG_eliminateSymbolHit [7][0] = 292791
FG_eliminateSymbolHit [7][1] = 24318
FG_eliminateSymbolHit [7][2] = 1006
FG_eliminateSymbolHit [8][0] = 1602149
FG_eliminateSymbolHit [8][1] = 233306
FG_eliminateSymbolHit [8][2] = 17238
FG_eliminateSymbolHit [9][0] = 2520602
FG_eliminateSymbolHit [9][1] = 570025
FG_eliminateSymbolHit [9][2] = 60246
Freegame Count:  = 465290
bgC1Count = 0 = 45746045
bgC1Count = 1 = 38011192
bgC1Count = 2 = 13270047
bgC1Count = 3 = 2507426
bgC1Count = 4 = 437057
bgC1Count = 5 = 27502
bgC1Count = 6 = 731
fgC1Count = 0 = 2767965
fgC1Count = 1 = 1731114
fgC1Count = 2 = 463613
fgC1Count = 3 = 70941
fgC1Count = 4 = 6227
fgC1Count = 5 = 272
fgC1Count = 6 = 8
=======================RNG INFO=======================================
