version = H017192-2.0.0.0/H017194-2.0.0.0 GameID = 101004, JP optionID = 22, Coin in = 100, currency denom = 0.002000, betMultiplier = 1,feature bet = 0, denom Multiplier = 0 
TotalSpin = 15200000, TotalBet = 1520000000
=======================Total RTP=======================================
BaseGameRtp = 0.711496
ScatterRtp = 0.000000
FreeGameRtp = 0.217149
TotalRtp (excluding JP/bonus) = 0.928644
BonusJP Rtp = 0.031720
LinkJP Rtp = 0.000000
TotalRtp (including JP/bonus) = 0.960364
=======================BaseGame info=======================================
BaseGameTTLWin = 1081473125
BG SymbolHit[2][2] = 757403
BG SymbolHit[2][3] = 306643
BG SymbolHit[2][4] = 160739
BG SymbolHit[2][5] = 115174
BG SymbolHit[3][2] = 3004060
BG SymbolHit[3][3] = 440095
BG SymbolHit[3][4] = 234701
BG SymbolHit[3][5] = 194229
BG SymbolHit[4][2] = 256711
BG SymbolHit[4][3] = 66158
BG SymbolHit[4][4] = 34020
BG SymbolHit[4][5] = 24909
BG SymbolHit[5][2] = 541242
BG SymbolHit[5][3] = 122784
BG SymbolHit[5][4] = 21307
BG SymbolHit[5][5] = 9909
BG SymbolHit[6][2] = 368968
BG SymbolHit[6][3] = 222908
BG SymbolHit[6][4] = 23148
BG SymbolHit[6][5] = 15069
BG SymbolHit[7][2] = 1144996
BG SymbolHit[7][3] = 189569
BG SymbolHit[7][4] = 71924
BG SymbolHit[7][5] = 83048
BG SymbolHit[8][2] = 630460
BG SymbolHit[8][3] = 187468
BG SymbolHit[8][4] = 40927
BG SymbolHit[8][5] = 32723
BG SymbolHit[9][2] = 318304
BG SymbolHit[9][3] = 175725
BG SymbolHit[9][4] = 68009
BG SymbolHit[9][5] = 36393
BG SymbolHit[10][2] = 1513017
BG SymbolHit[10][3] = 496634
BG SymbolHit[10][4] = 239824
BG SymbolHit[10][5] = 141825
BG SymbolHit[11][2] = 395057
BG SymbolHit[11][3] = 258303
BG SymbolHit[11][4] = 68103
BG SymbolHit[11][5] = 41636
BG WheelTable[0] Count = 15101060
BG FeatureHit[0] = 98940
BG FeatureHit[1] = 36183
=======================FreeGame info=======================================
FreeGameTTLRound = 831804
FreeGameTTLWin = 330065805
FG SymbolHit[2][2] = 105615
FG SymbolHit[2][3] = 141184
FG SymbolHit[2][4] = 20664
FG SymbolHit[2][5] = 5717
FG SymbolHit[3][2] = 3074
FG SymbolHit[3][3] = 579
FG SymbolHit[3][4] = 128
FG SymbolHit[4][2] = 67263
FG SymbolHit[4][3] = 77705
FG SymbolHit[5][2] = 73861
FG SymbolHit[5][3] = 113939
FG SymbolHit[6][2] = 4234
FG SymbolHit[6][3] = 3336
FG SymbolHit[6][4] = 1884
FG SymbolHit[7][2] = 17591
FG SymbolHit[7][3] = 87392
FG SymbolHit[7][4] = 12574
FG SymbolHit[7][5] = 26111
FG SymbolHit[8][2] = 26826
FG SymbolHit[8][3] = 1176
FG SymbolHit[8][4] = 135
FG SymbolHit[8][5] = 161
FG SymbolHit[10][2] = 10600
FG SymbolHit[10][3] = 18661
FG SymbolHit[10][4] = 3626
FG SymbolHit[10][5] = 4119
FG SymbolHit[11][2] = 166004
FG SymbolHit[11][3] = 36589
FG SymbolHit[11][4] = 56297
FG SymbolHit[11][5] = 54533
FG Wheel Table [0] Count = 493692
FG Wheel Table [1] Count = 174338
FG Wheel Table [2] Count = 163774
FG FeatureHit[0] = 730
FG FeatureHit[1] = 2215
=======================JP info=======================================
LinkJP RTP = 0.000000
BonusJP RTP = 0.031720
JPTotalRound = 38398, avgPeriod = 395.853943
pool[1] hit = 0, ttlWin = 0, avg = 0.000000
pool[2] hit = 0, ttlWin = 0, avg = 0.000000
pool[3] hit = 2454, ttlWin = 2454000, avg = 1000, rtp = 0.008072
pool[4] hit = 35944, ttlWin = 7188800, avg = 200, rtp = 0.023647
=======================BaseGame 倍數=======================================
BaseGame 00 = 9478039
BaseGame 0x = 3476558, Pay = 153639710, 1C1 = 950377, 2C1 = 318382, 3C1 = 125602, 4C1 = 89146, 5C1 = 30108
BaseGame 1x = 777617, Pay = 118408580, 1C1 = 196600, 2C1 = 55981, 3C1 = 20575, 4C1 = 14138, 5C1 = 4067
BaseGame 2x = 390263, Pay = 98674265, 1C1 = 100538, 2C1 = 25553, 3C1 = 8758, 4C1 = 6416, 5C1 = 1746
BaseGame 3x = 297413, Pay = 104389570, 1C1 = 72056, 2C1 = 17235, 3C1 = 5708, 4C1 = 4228, 5C1 = 1066
BaseGame 4x = 193928, Pay = 87984585, 1C1 = 49130, 2C1 = 10936, 3C1 = 3355, 4C1 = 2490, 5C1 = 636
BaseGame 5x = 109315, Pay = 60674665, 1C1 = 27643, 2C1 = 5948, 3C1 = 1751, 4C1 = 1296, 5C1 = 336
BaseGame 6x = 83755, Pay = 54556005, 1C1 = 20326, 2C1 = 3984, 3C1 = 1202, 4C1 = 899, 5C1 = 234
BaseGame 7x = 84722, Pay = 63892775, 1C1 = 20853, 2C1 = 4175, 3C1 = 1158, 4C1 = 918, 5C1 = 195
BaseGame 8x = 44767, Pay = 38235775, 1C1 = 10914, 2C1 = 2162, 3C1 = 575, 4C1 = 449, 5C1 = 121
BaseGame 9x = 44203, Pay = 42107135, 1C1 = 10763, 2C1 = 1962, 3C1 = 489, 4C1 = 390, 5C1 = 90
BaseGame 10x = 87528, Pay = 107159765, 1C1 = 20770, 2C1 = 3497, 3C1 = 913, 4C1 = 618, 5C1 = 160
BaseGame 15x = 31465, Pay = 54385570, 1C1 = 7034, 2C1 = 1134, 3C1 = 255, 4C1 = 167, 5C1 = 32
BaseGame 20x = 661, Pay = 1478145, 1C1 = 142, 2C1 = 14, 3C1 = 7, 4C1 = 5, 5C1 = null
BaseGame 25x = 826, Pay = 2248115, 1C1 = 153, 2C1 = 29, 3C1 = 4, 4C1 = 2, 5C1 = 1
=======================Base Game RNG INFO=======================================
Base Game RNG[10x] = [992513691, 8, 54, 160, 254, 431, 377, 151, 2, 62, 121, 171, 118, 8, 9, 178, 58, 201, 101, 67, 143, 273, 201, 336, 17, 112, 104, 188, 91, 124, 106, 83, 7, 152, 79, 117, 76, 152, 10, 68, 113, 134, 115, 74, 145, 666, 73, 58, 155, 58, 89, 31, 42, 161, 51, 63, 103, 8346748895]
Base Game RNG[20x] = [992012855, 386, 52, 301, 352, 506, 350, 61, 115, 152, 335, 278, 363, 161, 987, 8, 4, 91, 135, 246, 229, 135, 42, 7, 0, 156, 51, 31, 162, 42, 137, 54, 87, 74, 30, 121, 34, 82, 122, 86, 167, 95, 0, 148, 109, 138, 91, 39, 2, 70, 356, 52, 233, 4, 130, 8636526807]
Base Game RNG[30x] = [996898809, 801090023, 113, 234, 38, 279, 255, 557, 66, 9, 24, 28, 6, 318, 74, 12, 262, 49, 71, 36, 233, 89, 278, 186, 113, 29, 283, 3, 8, 26, 78, 29, 3, 178, 234, 73, 1, 4, 82, 95, 4, 113, 132, 0, 10, 95, 162, 146, 35, 85, 32, 157, 3, 6, 82, 89, 6, 59, 81, 144, 19, 6127733520, 1586, 766, 3, 0, 0, 0, 3, 0, 1, 0, 3, 8, 15, 1, 23, 6, 38, 38, 73, 29, 56, 50, 91, 25, 18, 20, 35, 27, 16, 227, 8, 12, 5, 18, 35, 89, 13, 0, 1, 41, 28, 14, 10, 109, 533, 0, 0, 0, 0, 1, 3, 3, 74, 0, 1, 4, 34, 6278997835, 21, 4, 3, 9, 12, 28, 28, 57, 14, 1, 18, 14, 18, 57, 25, 13, 6, 6, 3, 28, 17, 8, 45, 40, 8, 18, 13, 113, 79, 6, 29, 31, 29, 28, 51, 50, 4, 724881132, 47, 10, 8, 9, 0, 31, 3, 1158011233, 1, 8, 2, 15, 20, 11, 12, 39, 44, 0, 4, 4, 15, 20, 2, 8743212141]
Base Game RNG[40x] = [995230147, 390004856, 6, 238, 42, 384, 473, 289, 20, 7, 67, 325, 0, 317, 3, 153, 158, 9, 7, 56, 78, 163, 75, 83, 95, 7, 170, 38, 43, 179, 140, 6, 7, 77, 53, 125, 67, 5, 8, 6, 177, 41, 69, 194, 165, 38, 69, 54, 28, 177, 71, 189, 2, 118, 87, 601220009, 264, 76, 1, 0, 0, 0, 0, 0, 1, 0, 42, 11, 19, 0, 3, 32, 51, 27, 14, 20, 5, 11, 47, 69, 59, 5, 21, 6, 15, 1, 36, 2, 14, 15, 29, 29, 1, 74, 32, 4, 47, 75, 33, 16, 16, 26, 4, 62, 73, 98, 34, 15, 10, 16, 4, 15, 69, 3, 13, 12, 32, 28, 2, 12, 38, 19, 118, 35, 44, 66, 15, 57, 0, 89, 48, 29, 40, 27, 0, 43, 7, 11, 0, 16, 4, 11, 54, 272, 7, 219, 25, 186, 107, 460, 0, 0, 1, 1, 4, 33, 14, 173, 22201913, 8883730, 11, 20, 38, 30, 5, 8, 53, 77, 18, 3, 13, 21, 1820267833, 5, 33, 36, 7, 10, 18, 71, 34, 9426594058, 0, 0, 1, 3, 2]
Base Game RNG[50x] = [999653216, 322972278, 229, 52, 159, 36, 336, 400, 257, 98, 6, 94, 37, 99, 155, 177, 263, 1, 322, 122, 177, 1, 53, 10, 119, 11, 42, 138, 3, 35, 84, 664, 3, 7, 105, 44, 171, 151, 171, 169, 75, 76, 3, 62, 157, 0, 36, 800, 6, 8, 27, 68, 6, 72, 144, 49, 201, 123, 114, 3760145247, 611, 84, 0, 1, 1, 0, 3, 1, 1, 0, 21, 13, 0, 8, 6, 32, 19, 387337469, 52, 16, 8, 16, 11, 9, 43, 6536571495, 1, 8, 12, 54, 13, 8, 68, 35, 4, 31, 15, 935, 1293103987, 61, 3, 6, 10, 2, 16, 74, 8, 14, 35, 2, 21, 0, 69, 39, 6, 32, 10, 20, 33, 18, 14, 27, 35, 273, 2, 40, 45, 28, 107, 0, 9, 7, 34, 2, 0, 87, 12, 53, 9, 48, 16, 19, 25, 21, 6, 29, 24, 8162211321, 9, 22, 18, 11, 12, 6, 73, 84, 19, 23, 12, 1, 25, 42, 49, 386, 294, 176, 34, 43, 7684764460, 51, 2, 14, 6, 2, 4, 62]
Base Game RNG[60x] = [996225611, 979848211, 748, 327, 102, 316, 541, 58, 114, 0, 6, 192, 118, 282, 66, 97, 375, 7, 1, 2, 14, 26, 230, 25, 12, 220, 187, 886, 0, 8, 86, 0, 1, 4, 254, 34, 91, 48, 123, 148, 19, 45, 47, 39, 15, 52, 396, 5049721092, 1581, 253, 2, 1, 1, 0, 1, 1, 0, 0, 14, 5, 2, 14, 6, 25, 70, 1, 15, 33, 13, 11, 8063214390, 6, 3, 2, 5, 4, 18, 48, 1, 5, 3, 51, 9, 1, 103, 39, 35, 42, 5, 12, 5, 6, 26, 19, 24, 6, 44, 89, 44, 47, 869, 6462369710, 30, 0, 3, 15, 4, 41, 61, 6, 4, 18, 4, 9, 14, 26, 7285877709, 7, 19, 11, 38, 2, 15, 12, 41, 329, 2, 33, 20, 47, 54, 119, 441, 231, 36, 39, 45, 37, 1, 25, 20, 19, 10, 35, 12, 98, 76, 48, 311, 75, 4795894183, 2, 12, 15, 19, 5, 39, 9, 10, 3, 76, 66, 53, 11, 32, 39, 4, 5, 16, 76, 8, 9, 20, 5, 2, 45, 46, 15, 18, 96, 106, 92, 330, 9988275089]
Base Game RNG[70x] = [998548374, 495145155, 237, 342, 226, 284, 365, 94, 261, 27, 158, 244, 344, 151, 61, 9, 0, 0, 105, 180, 67, 163, 169, 3, 232, 225, 251, 123, 11, 176, 96, 216, 0, 110, 0, 127, 160, 103, 131, 184, 93, 153, 35, 0, 47, 26, 205, 46, 116, 48, 165, 36, 33, 167, 48, 80, 882, 74, 70, 207, 5, 15, 19, 125, 68, 4046330998, 1414, 108, 1, 0, 0, 0, 0, 1, 0, 0, 54, 10, 15, 6, 12, 17, 16, 20, 6, 13, 16, 6, 19, 15, 25, 39, 1, 22, 56, 16, 14, 11, 0, 14, 40, 48, 6295926243, 1, 1, 5, 23, 17, 7, 96, 22, 25, 115, 52, 39, 22, 760, 60, 0, 15, 19, 4, 11, 56, 57, 9, 29, 15, 0, 96, 87, 64, 293, 20, 5, 9, 6, 9, 42, 2, 0, 5, 6, 21, 27, 0, 38, 45, 105, 30, 44, 6, 45, 63, 51, 34, 8533068526, 9, 7, 13, 11, 11, 41, 17, 5, 22, 1, 15, 26, 14, 25, 59, 674943604]
Base Game RNG[80x] = [993837095, 780468230, 7, 319, 158, 46, 662, 74, 90, 6, 92, 61, 145, 306, 286, 142, 295, 932, 56, 77, 86, 293, 27, 141, 203, 310, 33, 180, 51, 125, 106, 186, 35, 31, 52, 64, 150, 65, 31, 107, 609, 0, 3, 3, 71, 156, 18, 40, 15, 67, 2, 19, 45, 112, 143, 5, 51, 178, 87, 3, 146, 84, 117, 10, 147, 104, 18, 151, 69, 49, 67, 100, 47, 2, 48, 21, 1550398365, 93, 366, 3, 2, 0, 0, 3, 1, 0, 0, 0, 13, 15, 0, 33, 0, 104, 67, 84, 6, 48, 34, 29, 756, 5, 23, 13, 13, 42, 41, 8, 25, 66, 0, 0, 5, 9, 20, 25, 19, 11, 28, 33, 18, 96, 210, 152, 193, 56, 252, 6795875296, 4, 15, 15, 18, 12, 41, 62, 23, 13, 17, 20, 47, 76, 10, 35, 13, 6, 14, 4, 31, 75, 48, 16, 8, 7, 13, 15, 66, 3, 16, 42, 10, 27, 8, 48, 45, 29, 11, 22, 19, 2, 6, 38, 7143331194, 0, 3, 6, 54, 13, 2, 15, 65, 65, 1, 30, 422, 22, 24, 21, 10, 678, 0, 16, 13, 18, 82, 37, 111, 0, 1, 12, 5, 202, 98, 9443099630, 66, 5, 3, 1, 14, 1, 65, 11, 8, 24, 35, 12, 5, 36, 7, 30, 11, 9, 52, 28, 68, 102, 17, 30, 17, 14, 1, 118, 7688845427]
Base Game RNG[90x] = [999297845, 504962658, 88, 47, 224, 41, 293, 295, 474, 2, 8, 13, 136, 95, 6, 5, 287, 300, 5, 9, 209, 45, 150, 126, 43, 246, 111, 45, 243, 150, 137, 182, 207, 873, 23, 30, 58, 144, 81, 59, 11, 6, 8, 203, 132, 126, 95, 2, 113, 3, 73, 98, 19, 146, 42, 34, 2, 444, 9143522104, 269, 765, 2, 1, 1, 0, 1, 2, 1, 0, 37, 5, 17, 11, 0, 42, 70, 530484313, 25, 4, 3, 12, 7, 40, 15, 3, 3, 8, 1, 18, 2, 8, 38, 101, 12, 15, 572, 31, 19, 21, 23, 32, 30, 12, 451, 39, 11, 14, 7, 6, 10, 10, 6881732510, 1, 8, 11, 19, 33, 9, 53, 30, 14, 19, 43, 44, 20, 41, 4, 44, 7, 65, 0, 2, 4, 6564745726, 10, 20, 4, 18, 8, 0, 52, 9, 25, 14, 3, 45, 122, 33, 68, 92, 5, 8, 36, 46, 258, 3336497283, 2, 38, 41, 20, 15, 2, 76, 59, 34, 20, 22, 9, 12, 41, 15, 5, 5, 6, 32, 45, 33, 2, 7542703667, 40, 16, 14, 16, 1, 45, 16]
Base Game RNG[100x] = [997555386, 182069660, 384, 48, 107, 162, 665, 174, 439, 211, 48, 208, 20, 303, 203, 846, 8, 3, 86, 111, 114, 142, 41, 155, 55, 153, 86, 128, 77, 2, 3, 27, 190, 136, 119, 107, 172, 42, 125, 56, 64, 33, 23, 86, 518, 54, 98, 45, 171, 1, 75, 3, 61, 4, 66, 50, 122, 80, 22, 34, 60, 6, 36, 3, 9189377737, 1334, 155, 1, 2, 1, 0, 0, 1, 0, 0, 56, 9, 1, 17, 6, 26, 40, 1, 8, 7, 19, 22, 9, 80, 10, 72, 29, 11, 36, 9639996292, 56, 2, 21, 15, 15, 48, 27, 27, 9, 12, 10, 2, 13, 24, 49, 9, 17, 13, 11, 11, 12, 5964479046, 3, 2, 18, 29, 13, 8, 63, 62, 33, 37, 20, 5, 31, 41, 132, 27, 38, 9, 10, 14, 46, 4, 7, 9, 2, 58, 80, 66, 8008439376, 5, 2, 14, 12, 13, 48, 14, 0, 39, 40, 26, 35, 18, 24, 63, 39, 22, 2, 10, 2, 49, 55, 28, 47, 53, 34, 31, 73, 30, 358, 626710600]
Base Game RNG[200x] = [998949369, 931954610, 111, 339, 158, 270, 655, 104, 7, 9, 146, 74, 231, 92, 17, 146, 9, 0, 5, 4, 92, 53, 30, 128, 0, 80, 35, 4, 140, 77, 171, 0, 210, 60, 3, 124, 168, 42, 36, 133, 140, 42, 5, 41, 693, 4, 34, 61, 51, 67, 90, 2, 9, 38, 16, 64, 143, 27, 52, 9, 180, 13, 923, 5, 87, 85, 145, 7226642075, 763, 688, 1, 0, 1, 0, 1, 3, 0, 2, 0, 0, 7, 8, 13, 12, 4, 37, 48, 12, 2, 2, 18, 4, 38, 5, 2, 0, 18, 8, 9, 0, 28, 16, 102, 20, 32, 1, 3, 8, 6, 8, 54, 0, 18, 22, 106, 96, 28, 91, 922, 7191133300, 4, 0, 8, 9, 13, 4, 17, 26, 12, 7, 8, 13, 34, 26, 1, 8, 0, 1, 8, 5, 30, 17, 31, 18, 7, 37, 0, 13, 14, 34, 2, 38, 63, 122, 114, 101, 55, 132, 4242482976, 61, 2, 14, 5, 15, 16, 44, 1, 28, 15, 33, 37, 10, 130, 65, 28, 26, 31, 23, 3, 61, 105, 13, 31, 10, 21, 23, 309, 25, 20, 27, 2, 113, 432, 464, 242, 41, 36, 14, 22, 84, 83, 5108809663, 54, 6, 18, 10, 0, 41, 44, 2433915303, 3, 5, 10, 43, 9, 2, 8, 2, 42, 77, 13, 49, 22, 2, 27, 30, 14, 5590367166]
Base Game RNG[300x] = [999490942, 219766755, 137, 52, 155, 364, 759, 579, 151, 0, 10, 173, 2, 144, 4, 5, 31, 131, 134, 2, 238, 263, 116, 303, 164, 178, 24, 1, 68, 187, 11, 83, 4, 27, 51, 29, 420, 6, 1, 24, 75, 61, 49, 92, 138, 2, 111, 92, 37, 12, 12, 107, 50, 161, 7, 37, 413, 8352694159, 1148, 486, 3, 2, 1, 0, 2, 1, 0, 0, 0, 10, 14, 27, 11, 2, 80, 26, 32, 20, 8, 43, 29, 18, 1816672694, 46, 5, 5, 14, 4, 37, 32, 34, 14, 19, 18, 5, 7, 35, 4173118012, 61, 11, 11, 17, 4, 45, 3, 3, 5, 4, 39, 25, 3, 108, 17, 73, 42, 23, 47, 69, 46, 19, 68, 584, 10, 25, 13, 12, 14, 0, 10, 3, 396, 6627990652, 50, 15, 10, 10, 0, 44, 53, 1974097843, 37, 14, 10, 15, 14, 23, 47, 1, 4, 44, 5, 16, 2, 76, 4, 26, 26, 26, 2, 1, 6, 22, 14, 223, 3, 19, 22, 112, 3, 220, 1607773636]
Base Game RNG[500x] = [996114347, 113102079, 297, 495, 22, 248, 511, 577, 327, 6, 8, 190, 204, 226, 251, 302, 138, 6, 186, 17, 199, 146, 0, 5, 4, 185, 16, 47, 9, 96, 0, 250, 119, 5, 34, 106, 3, 129, 85, 126, 161, 4, 110, 107, 187, 154, 152, 3, 29, 41, 63, 1, 16, 44, 70, 170, 107, 41, 41, 45, 32, 42, 193, 101, 4322658128, 1770, 489, 1, 2, 1, 0, 2, 2, 1, 0, 10, 5, 19, 13, 14, 1, 31, 3, 6, 12, 37, 12, 4, 7, 12, 112, 20, 5, 2, 31, 66, 52, 0, 11, 11, 4, 7, 9, 30, 85, 294, 5133278524, 17, 14, 20, 5, 14, 9, 23, 32, 10, 0, 30, 15, 44, 59, 3940339548, 63, 8, 20, 10, 11, 17, 33, 9, 40, 23, 3, 19, 15, 53, 3, 28, 33, 4, 56, 26, 42, 49, 46, 11, 13, 6770254659, 13, 15, 27, 39, 27, 14, 62, 70, 11, 37, 12, 7, 19, 30, 28, 44, 17, 32, 15, 13, 13, 21, 0, 5, 36, 10, 6276160000, 24, 9, 10, 6, 7, 0, 26]
=======================Base Game C1 RNG INFO=======================================
Base Game C1[3] = [672609407, 22, 321, 292, 91, 523, 95, 305, 238, 310, 19, 246, 41, 318, 295, 958379127]
Base Game C1[4] = [737726683, 280, 95, 34, 167, 715, 96, 465, 7, 7, 45, 139, 2, 2, 213, 109, 250, 0, 1, 104, 104, 1408154732]
Base Game C1[5] = [628275377, 524, 506, 282, 2, 688, 357, 188, 0, 16, 37, 35, 9695808149]
Base Game C1[6] = [697268992, 331, 352, 250, 3, 284, 554, 375, 5, 179, 76, 254, 9156401238]
Base Game C1[7] = [789043505, 178, 177, 32, 84, 766, 285, 404, 4, 2, 220, 249, 110, 66769857]
Base Game C1[8] = [424751407, 198, 246, 32, 3, 349, 400, 186, 585421628]
Base Game C1[9] = [615594027, 124, 458, 34, 2, 38, 431, 474, 5643215940]
Base Game C1[10] = [228676070, 189, 87, 30, 4, 200, 472, 29, 3054308672]
Base Game C1[11] = [900290102, 208, 398, 31, 1, 275, 527, 98, 8, 62, 108, 6, 5, 31, 200, 9261427681]
BGC1hit[1] hit = 4086277, FGC1hit[1] = 297644
BGC1hit[2] hit = 1447118, FGC1hit[2] = 75164
BGC1hit[3] hit = 552626, FGC1hit[3] = 5784
BGC1hit[4] hit = 422428, FGC1hit[4] = 8
BGC1hit[5] hit = 147659, FGC1hit[5] = 0
BGC1hit[6] hit = 41184, FGC1hit[6] = 0
BGC1hit[7] hit = 10798, FGC1hit[7] = 0
BGC1hit[8] hit = 3449, FGC1hit[8] = 0
BGC1hit[9] hit = 943, FGC1hit[9] = 0
BGC1hit[10] hit = 141, FGC1hit[10] = 0
BGC1hit[11] hit = 12, FGC1hit[11] = 0
BG reelC1hit[1] hit = 1534790, FG reelC1hit[1] = 1076487
BG reelC1hit[2] hit = 2116976, FG reelC1hit[2] = 160358
BG reelC1hit[3] hit = 3194226, FG reelC1hit[3] = 341928
BG reelC1hit[4] hit = 1426234, FG reelC1hit[4] = 135913
BG reelC1hit[5] hit = 649325, FG reelC1hit[5] = 170934
BG reelC1hit[6] hit = 2505158, FG reelC1hit[6] = 721735
=======================整場FreeGame 倍數=======================================
FreeGame 00 = 0
FreeGame 6x = 2051, Pay = 1345635, 1C1 = 47277, 2C1 = 12108, 3C1 = 908, 4C1 = 1, 5C1 = null
FreeGame 7x = 1991, Pay = 1504575, 1C1 = 52517, 2C1 = 13250, 3C1 = 1070, 4C1 = 2, 5C1 = null
FreeGame 8x = 2359, Pay = 2017120, 1C1 = 43148, 2C1 = 10961, 3C1 = 815, 4C1 = 3, 5C1 = null
FreeGame 9x = 2940, Pay = 2808790, 1C1 = 41509, 2C1 = 10448, 3C1 = 806, 4C1 = 3, 5C1 = null
FreeGame 10x = 8592, Pay = 10860245, 1C1 = 145151, 2C1 = 36887, 3C1 = 2833, 4C1 = 5, 5C1 = null
FreeGame 15x = 11466, Pay = 20159285, 1C1 = 110712, 2C1 = 27767, 3C1 = 2219, 4C1 = 3, 5C1 = null
FreeGame 20x = 12012, Pay = 27090150, 1C1 = 83009, 2C1 = 20894, 3C1 = 1585, 4C1 = 1, 5C1 = null
FreeGame 25x = 12354, Pay = 34030830, 1C1 = 67462, 2C1 = 17092, 3C1 = 1320, 4C1 = 2, 5C1 = null
FreeGame 30x = 9616, Pay = 31284570, 1C1 = 48321, 2C1 = 12074, 3C1 = 918, 4C1 = 3, 5C1 = null
FreeGame 35x = 8442, Pay = 31648990, 1C1 = 38794, 2C1 = 9884, 3C1 = 787, 4C1 = null, 5C1 = null
FreeGame 40x = 5126, Pay = 21806640, 1C1 = 23958, 2C1 = 6006, 3C1 = 508, 4C1 = 2, 5C1 = null
FreeGame 45x = 3912, Pay = 18596495, 1C1 = 18284, 2C1 = 4650, 3C1 = 367, 4C1 = null, 5C1 = null
FreeGame 50x = 6808, Pay = 37412565, 1C1 = 28363, 2C1 = 7058, 3C1 = 531, 4C1 = 4, 5C1 = null
FreeGame 60x = 3871, Pay = 25130825, 1C1 = 15875, 2C1 = 4076, 3C1 = 310, 4C1 = null, 5C1 = null
FreeGame 70x = 2885, Pay = 21637685, 1C1 = 11074, 2C1 = 2752, 3C1 = 224, 4C1 = 1, 5C1 = null
FreeGame 80x = 1715, Pay = 14574410, 1C1 = 6422, 2C1 = 1641, 3C1 = 153, 4C1 = 1, 5C1 = null
FreeGame 90x = 1727, Pay = 16406255, 1C1 = 5945, 2C1 = 1474, 3C1 = 117, 4C1 = null, 5C1 = null
FreeGame 100x = 1073, Pay = 11750740, 1C1 = 3722, 2C1 = 939, 3C1 = 77, 4C1 = null, 5C1 = null
FGBasePay = 93638465
=======================FreeGame 單round 倍數=======================================
FreeOneRound 0x = 69904, Pay = 3081720
FreeOneRound 1x = 33464, Pay = 5295250
FreeOneRound 2x = 25403, Pay = 6566250
FreeOneRound 3x = 22645, Pay = 8210720
FreeOneRound 4x = 19038, Pay = 8729660
FreeOneRound 5x = 18503, Pay = 10442870
FreeOneRound 6x = 13587, Pay = 8935475
FreeOneRound 7x = 15286, Pay = 11565245
FreeOneRound 8x = 11855, Pay = 10170740
FreeOneRound 9x = 10764, Pay = 10354225
FreeOneRound 10x = 39436, Pay = 48969760
FreeOneRound 15x = 25175, Pay = 43869000
FreeOneRound 20x = 15490, Pay = 34764980
FreeOneRound 25x = 10046, Pay = 27524210
FreeOneRound 30x = 6339, Pay = 20523000
FreeOneRound 35x = 4461, Pay = 16678120
FreeOneRound 40x = 2810, Pay = 11920095
FreeOneRound 45x = 2110, Pay = 10027160
FreeOneRound 50x = 2502, Pay = 13652095
FreeOneRound 60x = 1333, Pay = 8601410
FreeOneRound 70x = 718, Pay = 5343170
FreeOneRound 80x = 349, Pay = 2942485
FreeOneRound 90x = 135, Pay = 1274295
FreeOneRound 100x = 59, Pay = 623870
=======================整場freeGame 初始10X球倍數=======================================
=======================整場freeGame 初始無10X球倍數=======================================
=======================FreeGame RNG INFO=======================================
Free Game RNG[10x] = [995746492, 232922516, 576, 362, 200, 37, 81, 482, 440, 7, 0, 2, 103, 94, 82, 1, 172, 274, 253, 40, 1, 45, 80, 4, 324, 326, 185, 9, 210, 112, 4388916207, 1469, 611, 0, 0, 1, 0, 1, 1, 1, 0, 38, 0, 8, 0, 9, 27, 50, 45, 11, 0, 10, 0, 31, 1, 8632492209, 1, 10, 4, 54, 1, 7, 29, 10, 94, 39, 16, 26, 11, 0, 9, 22, 29, 203, 0, 10, 18, 6, 91, 237, 1492814980, 59, 9, 13, 2, 13, 5, 65, 51, 13, 0, 2, 6, 8, 0, 6555847277, 1, 7, 9, 20, 11, 9, 0, 30, 59, 40, 44, 24, 33, 72, 6624352995, 10, 26, 15, 10, 37, 6, 97, 86, 15, 25, 8, 25, 146, 10, 94, 454, 208, 139, 38, 34, 44, 51, 8, 0, 16, 8, 68, 5604793664, 46, 16, 11, 13, 15, 35, 22]
Free Game RNG[20x] = [995656041, 362504383, 464, 200, 123, 117, 551, 18, 1, 8, 5, 203, 644, 0, 132, 236, 37, 215, 156, 314, 107, 30, 43, 817, 3, 0, 4, 174, 79, 126, 143, 8, 4, 227, 86, 185, 56, 22, 48, 39, 4, 7, 78, 646, 4, 136, 73, 166, 83, 92, 125, 190, 8, 15, 2691683057, 1262, 422, 2, 1, 1, 0, 1, 0, 1, 0, 27, 9, 4, 13, 12, 1, 40, 44, 0, 1, 8, 1, 20, 72, 2, 3, 0, 37, 0, 4, 65, 10, 4, 49, 1, 4, 45, 19, 44, 161998440, 64, 13, 9, 10, 0, 18, 13, 1098613096, 34, 2, 2, 11, 0, 15, 69, 4711164622, 7, 8, 18, 18, 1, 25, 42, 6, 29, 2, 21, 2, 6, 49, 60, 35, 32, 27, 28, 45, 3, 8526456060, 3, 4, 16, 10, 4, 5, 41, 65, 9, 83, 15, 28, 34, 54, 63, 16, 27, 15, 0, 20, 43, 43, 9, 17, 282, 0, 0, 1, 11, 4, 14, 10, 2, 3, 21, 5, 196, 4148910108]
Free Game RNG[30x] = [998861849, 607281142, 306, 340, 164, 240, 236, 426, 98, 119, 1, 9, 3, 260, 154, 14, 78, 156, 6, 4, 155, 49, 51, 17, 4, 57, 0, 94, 142, 80, 43, 766195657, 895, 760, 1, 2, 0, 0, 1, 4, 1, 1, 1, 0, 26, 8, 4, 8, 9, 10, 47, 4016691083, 3, 9, 11, 32, 4, 5, 80, 25, 36, 83, 34, 0, 43, 63, 1, 59, 16, 17, 1, 12, 4576569610, 19, 15, 6, 13, 13, 41, 8, 61, 5, 3, 13, 12, 3, 56, 54, 9, 6, 11, 4, 38, 54, 13, 8, 43, 3, 31, 4, 1, 55, 9, 37, 39, 19, 27, 19, 53, 32, 9, 43, 144, 68, 425, 315, 191, 28, 10, 27, 48, 25, 33, 0, 65, 6628792534, 60, 5, 5, 9, 14, 35, 68, 34, 13, 37, 3, 74, 0, 8, 11, 11, 22, 8, 12, 10, 53, 19, 54, 21, 19, 17, 505, 8389010318, 12, 24, 21, 22, 2, 13, 123, 23, 31, 12, 10, 26, 18, 50, 101, 606, 701, 26, 11, 28, 120, 153, 9075438266, 57, 1, 2, 7, 9, 45, 76, 5504633246]
Free Game RNG[40x] = [993927083, 767410880, 285, 249, 134, 170, 621, 293, 2, 5, 24, 363, 97, 259, 493, 277, 119, 140, 147, 105, 160, 34, 100, 74, 3, 38, 98, 104, 117, 30, 0, 71, 3, 91, 45, 7755993464, 514, 316, 2, 0, 0, 0, 0, 0, 0, 0, 16, 13, 16, 4, 4, 31, 55, 31, 33, 14, 21, 1, 67, 76, 2468558577, 29, 8, 8, 16, 5, 38, 78, 24, 1, 4, 0, 15, 48, 73, 7785016113, 3, 0, 19, 17, 11, 9, 83, 27, 10, 21, 45, 28, 11, 58, 26, 0, 12, 56, 57, 26, 11, 24, 5, 21, 5, 9, 32, 69, 2, 4, 12, 26, 28, 4, 51, 55, 68, 98, 44, 46, 15, 60, 39, 28, 92, 5442765505, 9, 37, 43, 2, 20, 10, 30, 36, 123, 17, 39, 6, 30, 7, 41, 46, 31, 38, 7, 51, 30, 13, 22, 18, 45, 53, 2, 959, 13, 4, 31, 19, 13, 7581595284, 1, 29, 39, 39, 36, 8, 9, 21, 18, 0, 20, 36, 12, 42, 37, 62, 8930364879]
Free Game RNG[50x] = [996058065, 846099799, 364, 119, 251, 84, 730, 132, 100, 4, 190, 125, 170, 165, 80, 961, 0, 2, 88, 892, 7, 85, 73, 4, 0, 161, 4, 123, 6765206168, 272, 735, 0, 2, 0, 0, 2, 0, 0, 0, 49, 14, 12, 5, 12, 3, 71, 0, 5, 15, 15, 3, 10, 100, 67, 65, 2, 52, 21, 6429362376, 30, 11, 9, 9, 11, 13, 2, 23, 10, 12, 7, 11, 21, 31, 13, 27, 41, 39, 9, 11, 125, 9, 13, 32, 7, 21, 23, 34, 37, 133, 125, 108, 154, 85, 56, 2, 1, 5, 16, 5746539548, 39, 3, 11, 7, 5, 27, 15, 0, 7, 8, 32, 19, 8, 12, 25, 14, 32, 15, 39, 7, 70, 19, 51, 20, 14, 15, 939192624, 12, 15, 29, 13, 33, 3, 22, 86, 28, 22, 6, 20, 6, 35, 23, 11, 110, 43, 108, 120, 46, 9, 26, 42, 23, 3, 3, 44, 38, 4, 6, 38, 116, 4239123351]
Free Game RNG[60x] = [997809803, 899156309, 373, 415, 111, 182, 347, 250, 207, 118, 196, 309, 339, 203, 130, 222, 101, 424, 6, 26, 3, 157, 3, 3, 45, 4, 20, 23, 5610709532, 1509, 62, 2, 0, 0, 0, 0, 1, 0, 0, 4, 3, 17, 10, 1, 50, 46, 3, 13, 9, 5, 9, 23, 24, 55, 1, 20, 0, 1, 31, 21, 2645928562, 3, 5, 19, 13, 15, 2, 10, 68, 16, 14, 59, 39, 20, 16, 40, 4, 723, 0, 0, 4, 7, 13, 5, 27, 21, 35, 30, 8, 35, 94, 68, 68, 77, 188, 0, 0, 0, 1, 18, 27, 11, 180, 334, 524, 17, 15, 4, 5, 0, 38, 0, 37, 31, 19, 5, 77, 9180007466, 8, 26, 32, 2, 37, 6, 84, 68, 11, 24, 0, 22, 34, 49, 47, 49, 24, 58, 256, 519, 300, 37, 37, 31, 51, 18, 13, 33, 21, 110, 268, 99, 23, 36, 62, 67, 119, 181, 17, 48, 50, 15, 4, 4643124525, 53, 0, 0, 6, 10, 25, 33, 2533662020, 2, 22, 17, 5, 3, 18, 23, 85, 6789951529]
Free Game RNG[70x] = [995903425, 935839340, 531, 441, 203, 369, 330, 383, 317, 6, 52, 239, 125, 809, 7, 2, 1, 91, 174, 123, 177, 111, 570, 7, 39, 178, 265, 229, 163, 4, 140, 5, 38, 9023755849, 1263, 99, 3, 2, 0, 0, 0, 1, 0, 0, 2, 1, 9, 7, 29, 9, 48, 46, 94, 93, 23, 15, 71, 20, 772, 1, 10, 44, 53, 7, 174, 3, 7, 13, 34, 26, 0, 1, 23, 6062611257, 0, 12, 15, 15, 0, 25, 76, 2367594110, 2, 7, 18, 15, 12, 12, 6, 47, 10, 8, 14, 3, 29, 23, 31, 15, 13, 10, 7, 50, 52, 1, 12, 5, 28, 16, 3, 9, 3, 7, 26, 72, 63, 72, 659, 3907224103, 17, 0, 17, 8, 1, 19, 35, 22, 2, 19, 6, 50, 2663985175, 10, 6, 10, 16, 24, 1, 12, 75, 5, 32, 241, 48, 27, 13, 43, 14, 27, 21, 32, 6, 8, 0, 103, 122, 63, 103, 259, 957, 13, 24, 59, 27, 14, 108, 2620315310]
Free Game RNG[80x] = [993503011, 967906643, 109, 230, 192, 138, 117, 22, 273, 107, 70, 130, 139, 64, 249, 139, 333, 4, 43, 183, 60, 157, 197, 313, 179, 966, 5, 3, 140, 3, 4, 21, 11, 154, 128, 95, 10, 44, 25, 2, 8112234259, 654, 534, 0, 0, 1, 0, 1, 0, 0, 0, 34, 3, 1, 8, 0, 27, 53, 931338945, 45, 4, 4, 9, 1, 40, 67, 1, 3, 7, 13, 4, 3, 73, 60, 72, 12, 26, 21, 27, 26, 39, 41, 30, 74, 0, 1, 8, 19, 32, 0, 0, 0, 64, 15, 16, 9, 5, 43, 62, 2, 5, 8, 1, 19, 5, 51, 61, 14, 106, 14, 24, 702, 16, 42, 4, 11, 272, 8174352219, 58, 9, 13, 17, 6, 9, 2, 5891392293, 6, 37, 29, 7, 14, 5, 22, 64, 3000313735, 3, 40, 29, 38, 12, 18, 78, 0, 78, 18, 29, 5, 42, 55, 129, 111, 55, 35, 6, 15, 37, 25, 8, 20, 309, 11, 60, 32, 12, 53, 761, 272, 29, 12, 5, 24, 4, 316, 227, 346]
Free Game RNG[90x] = [997834732, 966830104, 611, 77, 306, 255, 228, 408, 133, 238, 274, 508, 7, 9, 2, 202, 138, 47, 4, 67, 226, 1, 53, 453, 1, 1, 74, 13, 130, 48, 18, 6, 4, 1, 12, 175, 138, 79, 95, 94, 80, 155, 425, 98, 192, 27, 71, 5949253848, 740, 597, 3, 0, 0, 0, 0, 2, 0, 0, 1, 6, 1, 13, 30, 10, 77, 40, 114, 0, 18, 55, 12, 275, 11, 25, 2, 0, 9, 13, 11, 4, 7, 19, 0, 0, 0, 1, 0, 1, 7, 26, 11, 16, 23, 12, 4, 443, 0, 0, 1, 1, 0, 9, 184, 9, 8671110297, 1, 7, 21, 4, 3, 13, 3, 2367887474, 27, 13, 21, 1, 11, 20, 40, 0, 2, 3, 17, 5, 6, 16, 56, 15, 1, 9, 7, 43, 35, 8, 33, 18, 34, 15, 18, 132, 45, 233, 33, 14, 13, 10, 131, 16, 65, 3259968009, 3, 2, 5, 32, 13, 6, 2, 31, 56, 49, 13, 71, 2, 834, 3, 18, 26, 11, 52, 4, 9, 11, 26, 18, 33, 31, 18, 131, 25, 21, 3, 32, 16, 80, 12, 148, 55, 31, 6, 0, 343761591]
Free Game RNG[100x] = [999639540, 977611220, 150, 77, 147, 222, 488, 479, 102, 3, 19, 0, 141, 2, 58, 1, 6, 149, 193, 200, 251, 200, 283, 94, 201, 139, 108, 4, 1, 189, 130, 82, 35, 52, 225, 218, 142, 105, 17, 42, 19, 28, 47, 3854742835, 50, 774, 3, 1, 1, 0, 0, 1, 0, 0, 1, 9, 1, 43, 14, 7, 108, 6, 17, 118, 2, 59, 308, 10, 16, 770, 9, 9, 25, 2, 347, 0, 0, 0, 1, 0, 0, 31, 16, 22, 50, 0, 0, 0, 0, 1, 2, 870, 5591795301, 202, 748, 3, 1, 1, 0, 1, 2, 0, 0, 40, 3, 8, 13, 13, 50, 21, 9, 16, 17, 14, 5, 17, 31, 57, 6, 15, 11, 11, 27, 15, 40, 4, 0, 17, 15, 15, 72, 210082698, 3, 8, 26, 4, 24, 4, 50, 75, 32, 0, 23, 24, 7, 1795215097, 1, 11, 8, 40, 33, 1, 108, 52, 2, 39, 48, 69, 36, 66, 19, 52, 17, 29, 5901956130, 3, 20, 4, 16, 28, 6, 31, 46, 1483489054, 2, 11, 9, 37, 13, 1, 21, 17, 98, 33, 2, 49, 69, 11, 42, 17, 8, 55, 3, 12, 2, 27, 1, 12, 31, 917, 9567767142, 31, 16, 9, 4, 8, 33, 3, 8089120005, 60, 16, 10, 9, 13, 22, 44, 51, 7, 7, 16, 3, 20, 65, 3, 7, 0, 2, 31, 5, 109, 37, 84, 0, 98, 69, 707, 3419565052, 6, 1, 0, 16, 1, 2, 129, 28, 195, 14, 3, 14, 4, 679, 36, 54, 22, 28, 26, 111, 180, 41, 426, 123, 7086065896, 65, 4, 14, 8, 3, 46, 71, 10, 13, 3, 33, 37, 15, 64, 62, 10, 38, 6, 2, 29, 34, 18, 20, 55, 36, 22, 1, 26, 138, 47, 7, 32, 19, 2415445073]
=======================FreeGame C1 RNG INFO=======================================
Free Game C1[3] = [995746492, 232922516, 576, 362, 200, 37, 81, 482, 440, 7, 0, 2, 103, 94, 82, 1, 172, 274, 253, 40, 1, 45, 80, 4, 324, 326, 185, 9, 210, 112, 4388916207, 1469, 611, 0, 0, 1, 0, 1, 1, 1, 0, 38, 0, 8, 0, 9, 27, 50, 45, 11, 0, 10, 0, 31, 1, 8632492209, 1, 10, 4, 54, 1, 7, 29, 10, 94, 39, 16, 26, 11, 0, 9, 22, 29, 203, 0, 10, 18, 6, 91, 237, 1492814980, 59, 9, 13, 2, 13, 5, 65, 51, 13, 0, 2, 6, 8, 0, 6555847277, 1, 7, 9, 20, 11, 9, 0, 30, 59, 40, 44, 24, 33, 72, 6624352995, 10, 26, 15, 10, 37, 6, 97, 86, 15, 25, 8, 25, 146, 10, 94, 454, 208, 139, 38, 34, 44, 51, 8, 0, 16, 8, 68, 5604793664, 46, 16, 11, 13, 15, 35, 22]
Free Game C1[4] = [999176593, 837231427, 234, 181, 137, 391, 0, 560, 41, 6, 215, 48, 191, 201, 83, 1, 312, 75, 3, 156, 61, 750, 1, 105, 86, 696, 10, 45, 11, 177, 21, 76, 884502327, 981, 122, 2, 0, 1, 0, 0, 1, 0, 0, 26, 7, 21, 15, 11, 3, 19, 53, 7, 14, 11, 14, 49, 46, 3, 4, 6, 13, 26, 0, 48, 59, 53, 33, 47, 21, 78, 61, 98, 14, 28, 24, 18, 0, 9, 2, 14, 102, 4710717023, 1, 1, 0, 4, 12, 9, 26, 8010516933, 1007, 286, 2, 1, 1, 0, 1, 1, 0, 0, 17, 13, 10, 9, 1, 3, 6, 6503204716, 3, 34, 40, 14, 11, 15, 106, 19, 6, 17, 29, 13, 51, 40, 34, 19, 16, 4026844010, 2, 11, 3, 27, 27, 4, 19, 23, 13, 36, 20, 8, 62, 48, 544, 22, 1, 45, 5256263785, 1, 37, 43, 5, 37, 6, 118, 53, 10, 32, 2, 31, 52, 52, 53, 1174243714, 65, 10, 12, 6, 6, 47, 8, 41, 11, 17, 2, 11, 46, 53, 3, 4, 3, 46, 8, 6, 75, 53, 36, 13, 12, 13, 18, 13, 18, 28, 47, 100, 104, 95, 391, 302, 9027241039, 15, 13, 12, 15, 15, 21, 15, 8076421298, 27, 1, 0, 18, 12, 7, 65, 5206581569, 1, 0, 7, 17, 26, 5, 63, 39, 89, 13, 33, 64, 12, 3, 4, 15, 37, 8, 44, 15, 7, 16, 13, 44, 34, 0, 39, 0, 2, 31, 0, 117, 68, 28, 27, 14, 17, 34, 16, 4548973860]
=======================整場TopUpGame 倍數=======================================
=======================by Game Data=======================================
BG_HitFG_C1Count[0] = 14223
BG_HitFG_C1Count[1] = 30907
BG_HitFG_C1Count[2] = 22094
BG_HitFG_C1Count[3] = 10240
BG_HitFG_C1Count[4] = 20839
BG_HitFG_C1Count[5] = 630
BG_HitFG_C1Count[6] = 7
BG_eliminateSymbolHit[10][2] = 1582919
BG_eliminateSymbolHit[10][3] = 596201
BG_eliminateSymbolHit[10][4] = 332851
BG_eliminateSymbolHit[10][5] = 204791
BG_eliminateSymbolHit[11][2] = 826467
BG_eliminateSymbolHit[11][3] = 687067
BG_eliminateSymbolHit[11][4] = 205211
BG_eliminateSymbolHit[11][5] = 128665
BG_eliminateSymbolHit[2][2] = 755007
BG_eliminateSymbolHit[2][3] = 414176
BG_eliminateSymbolHit[2][4] = 308584
BG_eliminateSymbolHit[2][5] = 203524
BG_eliminateSymbolHit[3][2] = 626441
BG_eliminateSymbolHit[3][3] = 344788
BG_eliminateSymbolHit[3][4] = 135911
BG_eliminateSymbolHit[3][5] = 104519
BG_eliminateSymbolHit[4][2] = 1080836
BG_eliminateSymbolHit[4][3] = 375140
BG_eliminateSymbolHit[4][4] = 186203
BG_eliminateSymbolHit[4][5] = 165451
BG_eliminateSymbolHit[5][2] = 751367
BG_eliminateSymbolHit[5][3] = 385251
BG_eliminateSymbolHit[5][4] = 87658
BG_eliminateSymbolHit[5][5] = 49078
BG_eliminateSymbolHit[6][2] = 908574
BG_eliminateSymbolHit[6][3] = 553424
BG_eliminateSymbolHit[6][4] = 139651
BG_eliminateSymbolHit[6][5] = 91353
BG_eliminateSymbolHit[7][2] = 1002980
BG_eliminateSymbolHit[7][3] = 243086
BG_eliminateSymbolHit[7][4] = 109784
BG_eliminateSymbolHit[7][5] = 130792
BG_eliminateSymbolHit[8][2] = 911100
BG_eliminateSymbolHit[8][3] = 493982
BG_eliminateSymbolHit[8][4] = 131757
BG_eliminateSymbolHit[8][5] = 121862
BG_eliminateSymbolHit[9][2] = 1194905
BG_eliminateSymbolHit[9][3] = 892089
BG_eliminateSymbolHit[9][4] = 404866
BG_eliminateSymbolHit[9][5] = 198031
BaseGameCombo[0] = 9495077
BaseGameCombo[10] = 6
BaseGameCombo[1] = 3433002
BaseGameCombo[2] = 1053835
BaseGameCombo[3] = 552366
BaseGameCombo[4] = 396234
BaseGameCombo[5] = 196394
BaseGameCombo[6] = 58599
BaseGameCombo[7] = 12246
BaseGameCombo[8] = 2072
BaseGameCombo[9] = 169
FG_MaxMultiplier[10] = 7470
FG_MaxMultiplier[11] = 3613
FG_MaxMultiplier[12] = 1589
FG_MaxMultiplier[13] = 542
FG_MaxMultiplier[14] = 224
FG_MaxMultiplier[15] = 91
FG_MaxMultiplier[16] = 45
FG_MaxMultiplier[17] = 19
FG_MaxMultiplier[18] = 9
FG_MaxMultiplier[19] = 2
FG_MaxMultiplier[20] = 2
FG_MaxMultiplier[21] = 1
FG_MaxMultiplier[3] = 428
FG_MaxMultiplier[4] = 3329
FG_MaxMultiplier[5] = 10137
FG_MaxMultiplier[6] = 17861
FG_MaxMultiplier[7] = 21419
FG_MaxMultiplier[8] = 19045
FG_MaxMultiplier[9] = 13114
FG_Retrigger_C1Count[0] = 63
FG_Retrigger_C1Count[1] = 287
FG_Retrigger_C1Count[2] = 277
FG_Retrigger_C1Count[3] = 95
FG_Retrigger_C1Count[4] = 8
FG_eliminateSymbolHit[10][2] = 10125
FG_eliminateSymbolHit[10][3] = 5769
FG_eliminateSymbolHit[10][4] = 2327
FG_eliminateSymbolHit[10][5] = 1330
FG_eliminateSymbolHit[11][2] = 220313
FG_eliminateSymbolHit[11][3] = 58733
FG_eliminateSymbolHit[11][4] = 16008
FG_eliminateSymbolHit[11][5] = 19469
FG_eliminateSymbolHit[2][2] = 2985
FG_eliminateSymbolHit[2][3] = 1470
FG_eliminateSymbolHit[2][4] = 400
FG_eliminateSymbolHit[2][5] = 350
FG_eliminateSymbolHit[3][2] = 31371
FG_eliminateSymbolHit[3][3] = 17941
FG_eliminateSymbolHit[3][4] = 3498
FG_eliminateSymbolHit[4][2] = 144309
FG_eliminateSymbolHit[4][3] = 32678
FG_eliminateSymbolHit[4][4] = 1753
FG_eliminateSymbolHit[4][5] = 5019
FG_eliminateSymbolHit[5][2] = 22069
FG_eliminateSymbolHit[5][3] = 14086
FG_eliminateSymbolHit[5][4] = 392
FG_eliminateSymbolHit[6][2] = 109383
FG_eliminateSymbolHit[6][3] = 107296
FG_eliminateSymbolHit[6][4] = 88566
FG_eliminateSymbolHit[6][5] = 518
FG_eliminateSymbolHit[7][2] = 4837
FG_eliminateSymbolHit[7][3] = 8179
FG_eliminateSymbolHit[7][4] = 20350
FG_eliminateSymbolHit[7][5] = 15678
FG_eliminateSymbolHit[8][2] = 219895
FG_eliminateSymbolHit[8][3] = 110658
FG_eliminateSymbolHit[8][4] = 28972
FG_eliminateSymbolHit[8][5] = 73163
FG_eliminateSymbolHit[9][2] = 55894
FG_eliminateSymbolHit[9][3] = 32424
FG_eliminateSymbolHit[9][4] = 35516
FG_eliminateSymbolHit[9][5] = 54652
FreeGameCombo[0] = 480392
FreeGameCombo[1] = 136742
FreeGameCombo[2] = 138542
FreeGameCombo[3] = 48847
FreeGameCombo[4] = 24148
FreeGameCombo[5] = 2490
FreeGameCombo[6] = 627
FreeGameCombo[7] = 15
FreeGameCombo[8] = 1
baseHaveatleast1C1 = 7352788
bgTotal = 15200000
fgHaveatleast1C1 = 444016
fgTotal = 831804
ComboRate = 5129476315
=======================RNG INFO=======================================
