version = H017192-2.0.0.0/H017194-2.0.0.0 GameID = 101004, JP optionID = 22, Coin in = 5000, currency denom = 0.002000, betMultiplier = 1,feature bet = 0, denom Multiplier = 0 
TotalSpin = 700000, TotalBet = 3500000000
=======================Total RTP=======================================
BaseGameRtp = 0.005001
ScatterRtp = 0.000000
FreeGameRtp = 0.920654
TotalRtp (excluding JP/bonus) = 0.925655
BonusJP Rtp = 0.031273
LinkJP Rtp = 0.000000
TotalRtp (including JP/bonus) = 0.956929
=======================BaseGame info=======================================
BaseGameTTLWin = 17504815
BG FeatureHit[0] = 700000
BG FeatureHit[1] = 18050
=======================FreeGame info=======================================
FreeGameTTLRound = 5746082
FreeGameTTLWin = 3222289135
FG SymbolHit[2][2] = 657085
FG SymbolHit[2][3] = 832592
FG SymbolHit[2][4] = 69634
FG SymbolHit[2][5] = 25262
FG SymbolHit[3][2] = 86264
FG SymbolHit[3][3] = 70902
FG SymbolHit[3][4] = 119009
FG SymbolHit[3][5] = 28248
FG SymbolHit[4][2] = 710779
FG SymbolHit[4][3] = 817561
FG SymbolHit[4][4] = 51765
FG SymbolHit[4][5] = 208157
FG SymbolHit[5][2] = 553740
FG SymbolHit[5][3] = 994462
FG SymbolHit[5][4] = 72476
FG SymbolHit[6][2] = 25621
FG SymbolHit[6][3] = 110158
FG SymbolHit[6][4] = 840581
FG SymbolHit[8][2] = 205134
FG SymbolHit[8][3] = 9003
FG SymbolHit[8][4] = 133689
FG SymbolHit[8][5] = 479205
FG SymbolHit[11][2] = 735251
FG SymbolHit[11][3] = 17664
FG SymbolHit[11][4] = 4419
FG SymbolHit[11][5] = 10725
FG Wheel Table [4] Count = 3506171
FG Wheel Table [5] Count = 1104979
FG Wheel Table [6] Count = 1134932
FG FeatureHit[0] = 14812
FG FeatureHit[1] = 77758
=======================JP info=======================================
LinkJP RTP = 0.000000
BonusJP RTP = 0.031273
JPTotalRound = 95808, avgPeriod = 7.306279
pool[1] hit = 0, ttlWin = 0, avg = 0.000000
pool[2] hit = 0, ttlWin = 0, avg = 0.000000
pool[3] hit = 3412, ttlWin = 3412000, avg = 1000, rtp = 0.004874
pool[4] hit = 92396, ttlWin = 18479200, avg = 200, rtp = 0.026399
=======================BaseGame 倍數=======================================
BaseGame 00 = 0
=======================Base Game RNG INFO=======================================
Base Game RNG[10x] = [508638302, 55, 46, 58, 50, 59, 248, 10, 7, 9, 4, 156, 82, 12, 75, 135, 115, 116, 4, 194, 242, 52, 63, 1, 39, 7, 130, 18, 64, 98, 9619855838, 652, 713, 3, 0, 0, 0, 1, 3, 3, 2, 0, 0, 1, 13, 5, 19, 19, 6, 81, 67, 96, 55, 102, 25, 14, 19, 20, 21, 10, 26, 18, 30, 62, 79, 32, 11, 10, 15, 12, 3, 73, 38, 7, 1, 16, 4, 15, 67, 6, 13, 4, 4, 6, 42, 32, 9687319369, 14, 14, 17, 4, 10, 41, 10, 9, 24, 3, 38, 35, 6259667099, 1, 14, 4, 2, 7, 10, 93, 34, 6, 56, 25, 13, 15, 20, 27, 6, 19, 2, 4, 59, 63, 95, 0, 612, 5246388009, 3, 29, 4, 16, 21, 8, 109, 4, 101, 1, 42, 103, 119, 812, 44, 51, 37, 6, 901, 41, 6, 59, 37, 24, 5, 5491168444, 40, 8, 12, 8, 2, 19, 17, 21, 0, 17, 17, 6, 4, 77, 1, 0, 7, 12, 11, 33, 18]
Base Game RNG[20x] = [27079866, 44, 48, 51, 37, 65, 60, 10, 9, 1, 8, 228, 215, 212, 97, 93, 72, 124, 707, 49, 40, 234, 868, 836833117, 1721, 497, 0, 1, 0, 0, 2, 1, 1, 0, 53, 4, 19, 15, 7, 15, 22, 50, 11, 0, 19, 3, 12, 71, 5925644031, 35, 2, 12, 7, 11, 38, 19, 3, 11, 21, 37, 10, 3, 85, 13, 70, 85, 48, 5, 38, 65, 65, 67, 23, 8, 9, 17, 38, 22, 17, 0, 3, 11, 0, 5564146631, 11, 38, 33, 17, 22, 9, 2, 13, 2, 35, 13, 20, 29, 58, 30, 933, 58, 40, 20, 34, 11, 26, 18, 230, 416, 555, 7826786330, 27, 2, 0, 9, 2, 46, 47, 6056778139, 37, 2, 32, 21, 19, 0, 38, 14, 30, 22, 4, 28, 30, 767, 45, 58, 1, 21, 38, 576, 2551973227, 63, 10, 5, 14, 8, 4, 34]
Base Game RNG[30x] = [870612537, 248, 49, 52, 8, 26, 266, 55, 2, 2, 60, 108, 171, 65, 31, 214, 8, 3, 1, 8, 20, 199, 149, 149, 27, 384, 52, 153, 117, 39, 9648668806, 1382, 465, 0, 2, 1, 0, 2, 1, 1, 0, 5, 4, 17, 12, 13, 47, 72, 1, 9, 18, 50, 20, 9, 88, 11, 85, 41, 7, 21, 25, 23, 8, 35, 30, 46, 13, 26, 104, 397, 208, 134, 580, 0, 13, 7, 10, 3, 24, 31, 77, 7, 225, 50, 7676046225, 62, 7, 8, 15, 7, 48, 24, 3, 15, 15, 9, 8, 22, 72, 26, 12, 31, 14, 46, 38, 58, 1, 0, 6, 17, 15, 5, 43, 65, 89, 34, 19, 2, 10, 2, 34, 9, 9271032684, 12, 11, 15, 12, 8, 32, 62, 19, 27, 30, 15, 1, 8, 17, 27, 4, 20, 25, 28, 19, 38, 53, 982, 0, 35, 17, 33, 77, 20, 551, 2163834504, 9, 3, 17, 14, 12, 39, 39]
Base Game RNG[40x] = [746686404, 247, 6, 12, 30, 20, 262, 11, 2, 2, 7, 125, 154, 189, 36, 19, 121, 62, 103, 7, 676, 6, 0, 1, 174, 33, 40, 97, 22, 89, 88, 77, 18, 104, 89, 123, 3181192176, 1573, 121, 3, 2, 0, 0, 0, 2, 0, 0, 3, 12, 0, 42, 17, 7, 108, 7, 63, 11, 17, 22, 5, 25, 35, 29, 19, 336, 9609748624, 10, 7, 6, 2, 15, 50, 61, 53, 13, 20, 10, 3, 14, 43, 22, 6, 12, 19, 5, 64, 15, 37, 11, 19, 5, 4, 46, 74, 33, 2, 8, 11, 15, 31, 48, 14, 17, 24, 1, 12, 10, 126, 6, 31, 8, 3, 27, 43, 54, 40, 66, 105, 27, 39, 28, 2, 13, 3, 72, 29, 64, 113, 161, 3328656149, 12, 2, 6, 7, 10, 6, 65, 8, 43, 5, 10, 28, 12, 103, 40, 131, 34, 10, 31, 37, 19, 48, 668, 50, 30, 28, 8, 51, 7, 9, 25, 8, 5154666056]
Base Game RNG[50x] = [683134419, 52, 47, 13, 15, 46, 265, 110, 7, 9, 1, 69, 22, 242, 53, 132, 70, 124, 744, 5, 9, 76, 22, 131, 313, 58, 118, 317, 4, 1, 84, 125, 106, 108, 134, 39, 33, 38, 63, 69, 120, 2, 207, 158, 141, 70, 94, 192, 4, 51, 0, 131, 97, 15, 3, 96, 93, 17, 11, 263, 45, 57, 24, 219, 162, 119, 97, 133, 335, 3739443064, 2489, 293, 0, 0, 0, 0, 5, 4, 2, 2, 1, 0, 64, 5, 12, 14, 1, 34, 30, 35, 2, 7, 0, 9, 23, 22, 20, 6, 7, 16, 10, 3, 53, 1, 14, 19, 37, 27, 8, 64, 67, 85, 59, 66, 32, 57, 43, 59, 80, 760, 23, 6, 10, 5, 4, 522, 5, 6, 1, 5, 15, 0, 0, 28, 24, 7, 0, 3, 15, 58, 49, 21, 33, 47, 34, 43, 3371790217, 4, 22, 9, 28, 30, 17, 73, 57, 37, 44, 13, 94, 130, 272, 152, 43, 28, 28, 8, 43, 31, 21, 7, 2, 32, 4, 15, 26, 39, 484, 1836640038, 67, 5, 7, 1, 11, 12, 49, 59, 15, 4, 1, 8, 27, 72, 29, 8, 1, 5, 15, 7, 10, 9680002715, 10, 15, 16, 3, 8, 43, 34]
Base Game RNG[60x] = [676220537, 244, 22, 52, 25, 7, 154, 119, 5, 5, 39, 154, 431, 4, 7, 19, 35, 51, 109, 60, 90, 31, 81, 803, 0, 116, 108, 165, 26, 101, 111, 25, 8, 97, 77, 166, 24, 75, 18, 8, 72, 76, 88, 106, 81, 82, 1, 103, 77, 8, 155, 166, 125, 183, 138, 4463423152, 1070, 451, 2, 0, 0, 0, 2, 2, 2, 1, 0, 0, 11, 14, 3, 15, 2, 11, 44, 3443038682, 59, 13, 14, 1, 2, 8, 9, 8642897049, 26, 9, 1, 13, 0, 26, 61, 7518236315, 0, 9, 15, 2, 24, 4, 10, 0, 56, 13, 7, 29, 398, 45, 7, 1, 47, 368, 0, 1, 21, 5, 111, 110, 3947240295, 15, 7, 7, 17, 7, 47, 29, 8662235205, 6, 16, 14, 7, 13, 1, 1, 0, 13, 16, 31, 25, 2, 1, 19, 58, 110, 15, 33, 47, 23, 110, 72, 799, 38, 52, 24, 20, 19, 55, 18, 23, 28, 11, 19, 34, 5, 1, 12, 7, 10, 56, 11, 26, 33, 29, 41, 20, 489701085, 33, 15, 10, 1, 6, 30, 50, 4, 11, 16, 19, 24, 11, 126, 19, 17, 4, 34, 22, 327, 53, 6, 23, 107, 5019175343]
=======================Base Game C1 RNG INFO=======================================
BGC1hit[1] hit = 0, FGC1hit[1] = 2035306
BGC1hit[2] hit = 0, FGC1hit[2] = 503581
BGC1hit[3] hit = 0, FGC1hit[3] = 39445
BGC1hit[4] hit = 0, FGC1hit[4] = 109
BGC1hit[5] hit = 0, FGC1hit[5] = 2
BG reelC1hit[1] hit = 0, FG reelC1hit[1] = 7016398
BG reelC1hit[2] hit = 0, FG reelC1hit[2] = 1118624
BG reelC1hit[3] hit = 0, FG reelC1hit[3] = 2299244
BG reelC1hit[4] hit = 0, FG reelC1hit[4] = 958741
BG reelC1hit[5] hit = 0, FG reelC1hit[5] = 1194704
BG reelC1hit[6] hit = 0, FG reelC1hit[6] = 4857407
=======================整場FreeGame 倍數=======================================
FreeGame 00 = 0
FreeGame 20x = 158661, Pay = 357894050, 1C1 = 910279, 2C1 = 225136, 3C1 = 17336, 4C1 = 54, 5C1 = null
FreeGame 25x = 140508, Pay = 386829175, 1C1 = 688594, 2C1 = 170239, 3C1 = 13279, 4C1 = 43, 5C1 = 1
FreeGame 30x = 84177, Pay = 273822095, 1C1 = 420827, 2C1 = 104233, 3C1 = 8271, 4C1 = 27, 5C1 = 2
FreeGame 35x = 63033, Pay = 236497045, 1C1 = 312425, 2C1 = 77267, 3C1 = 6147, 4C1 = 14, 5C1 = null
FreeGame 40x = 35412, Pay = 150551480, 1C1 = 197189, 2C1 = 49326, 3C1 = 4046, 4C1 = 19, 5C1 = 1
FreeGame 45x = 27352, Pay = 129937225, 1C1 = 154558, 2C1 = 38557, 3C1 = 3168, 4C1 = 24, 5C1 = null
FreeGame 50x = 28082, Pay = 154261750, 1C1 = 194561, 2C1 = 48702, 3C1 = 3985, 4C1 = 20, 5C1 = null
FreeGame 60x = 27910, Pay = 181161850, 1C1 = 154714, 2C1 = 38684, 3C1 = 3150, 4C1 = 15, 5C1 = null
FreeGame 70x = 32491, Pay = 243433980, 1C1 = 143307, 2C1 = 35876, 3C1 = 3026, 4C1 = 13, 5C1 = null
FreeGame 80x = 65714, Pay = 558108510, 1C1 = 218368, 2C1 = 55010, 3C1 = 4685, 4C1 = 33, 5C1 = null
FreeGame 90x = 6828, Pay = 64791375, 1C1 = 33095, 2C1 = 8633, 3C1 = 746, 4C1 = 13, 5C1 = null
FreeGame 100x = 9544, Pay = 104563805, 1C1 = 46174, 2C1 = 11983, 3C1 = 1123, 4C1 = 12, 5C1 = 1
FreeGame 120x = 9270, Pay = 120255105, 1C1 = 38303, 2C1 = 10222, 3C1 = 980, 4C1 = 13, 5C1 = null
FreeGame 140x = 3138, Pay = 46956240, 1C1 = 16007, 2C1 = 4386, 3C1 = 461, 4C1 = 3, 5C1 = 1
FreeGame 160x = 1480, Pay = 25121785, 1C1 = 8465, 2C1 = 2247, 3C1 = 229, 4C1 = 4, 5C1 = null
FreeGame 180x = 1297, Pay = 24610095, 1C1 = 7160, 2C1 = 1930, 3C1 = 220, 4C1 = 5, 5C1 = null
FreeGame 200x = 1190, Pay = 26518500, 1C1 = 8286, 2C1 = 2394, 3C1 = 266, 4C1 = 4, 5C1 = null
FreeGame 250x = 1332, Pay = 36329805, 1C1 = 7599, 2C1 = 2070, 3C1 = 264, 4C1 = 2, 5C1 = null
FreeGame 300x = 752, Pay = 24366265, 1C1 = 4325, 2C1 = 1249, 3C1 = 163, 4C1 = 2, 5C1 = 1
FreeGame 350x = 761, Pay = 28455945, 1C1 = 4362, 2C1 = 1288, 3C1 = 154, 4C1 = 3, 5C1 = null
FreeGame 400x = 565, Pay = 23958735, 1C1 = 3308, 2C1 = 966, 3C1 = 124, 4C1 = 2, 5C1 = null
FreeGame 450x = 503, Pay = 23864320, 1C1 = 3104, 2C1 = 919, 3C1 = 113, 4C1 = 1, 5C1 = null
FGBasePay = 17504815
=======================FreeGame 單round 倍數=======================================
FreeOneRound 0x = 420415, Pay = 16914225
FreeOneRound 1x = 160593, Pay = 25542210
FreeOneRound 2x = 116176, Pay = 30042660
FreeOneRound 3x = 110947, Pay = 40239730
FreeOneRound 4x = 96168, Pay = 44208535
FreeOneRound 5x = 96565, Pay = 54455990
FreeOneRound 6x = 79029, Pay = 51953580
FreeOneRound 7x = 94760, Pay = 71645790
FreeOneRound 8x = 75365, Pay = 64704170
FreeOneRound 9x = 79010, Pay = 75942910
FreeOneRound 10x = 318609, Pay = 398316505
FreeOneRound 15x = 239202, Pay = 417954340
FreeOneRound 20x = 154642, Pay = 346052915
FreeOneRound 25x = 95925, Pay = 262882480
FreeOneRound 30x = 59794, Pay = 193833885
FreeOneRound 35x = 43169, Pay = 161679775
FreeOneRound 40x = 31450, Pay = 133694815
FreeOneRound 45x = 24772, Pay = 117637820
FreeOneRound 50x = 36952, Pay = 202333060
FreeOneRound 60x = 23853, Pay = 154361225
FreeOneRound 70x = 15228, Pay = 113589195
FreeOneRound 80x = 6618, Pay = 55807345
FreeOneRound 90x = 3484, Pay = 33029890
FreeOneRound 100x = 4458, Pay = 48589570
FreeOneRound 120x = 2158, Pay = 27728415
FreeOneRound 140x = 1255, Pay = 18705760
FreeOneRound 160x = 723, Pay = 12285770
FreeOneRound 180x = 509, Pay = 9650195
FreeOneRound 200x = 804, Pay = 17866255
FreeOneRound 250x = 354, Pay = 9644850
FreeOneRound 300x = 176, Pay = 5669975
FreeOneRound 350x = 98, Pay = 3629940
FreeOneRound 400x = 31, Pay = 1325125
FreeOneRound 450x = 8, Pay = 370230
=======================整場freeGame 初始10X球倍數=======================================
=======================整場freeGame 初始無10X球倍數=======================================
=======================FreeGame RNG INFO=======================================
Free Game RNG[20x] = [246175663, 52, 26, 0, 3, 51, 224, 84, 7910969144, 2332, 29, 2, 1, 1, 0, 0, 0, 0, 0, 27, 6, 13, 7, 4, 4, 71, 59, 3, 2, 0, 15, 5, 69, 3, 10, 6, 4, 28, 5, 71, 18, 15, 63, 0, 34, 105, 64, 28, 333, 13, 5, 8, 28, 11, 764, 5823091948, 53, 13, 19, 12, 6, 19, 3, 3, 18, 22, 25, 12, 8, 40, 155, 74, 163, 220, 0, 52, 13, 7, 3, 12, 26, 78, 17, 16, 10, 16, 15, 44, 24, 2023193251, 20, 16, 40, 10, 21, 16, 87, 56, 20, 10, 13, 7, 14, 3, 43, 21, 25, 43, 48, 19, 1, 6612052044, 39, 27, 40, 32, 20, 1, 100, 69, 3, 7, 23, 6, 24, 14, 43, 28, 2, 45, 43, 18, 5036508812]
Free Game RNG[30x] = [563915624, 50, 34, 46, 15, 43, 166, 40, 7111139993, 1866, 282, 2, 2, 1, 0, 2, 1, 1, 0, 65, 3, 21, 0, 8, 6, 9, 2, 12, 10, 48, 6, 7, 59, 10, 16, 9, 36, 15, 17, 11, 66, 179, 781, 23, 5, 7, 36, 38, 265, 0, 16, 18, 27, 8, 6, 17, 243, 160, 1, 26, 28, 32, 102, 10, 63, 79, 1683176768, 24, 13, 9, 16, 5, 12, 1, 21, 1, 12, 2, 3, 24, 72, 4396012220, 36, 39, 1, 5, 34, 13, 98, 85, 30, 21, 15, 7, 4, 39, 49, 43, 15, 4, 46, 6, 22, 25, 30, 28, 3, 53, 32, 2176146034, 66, 7, 21, 4, 2, 7, 24, 4899005094, 31, 10, 24, 7, 8, 17, 32, 23, 7, 12, 0, 16, 14, 18, 32, 32, 26, 4, 18, 14, 4889759435]
Free Game RNG[40x] = [691537277, 268, 46, 4, 19, 32, 229, 67, 4305715252, 2271, 534, 3, 0, 1, 0, 1, 2, 1, 0, 2, 2, 9, 16, 16, 9, 67, 62, 39, 3, 63, 68, 49, 33, 29, 71, 90, 8, 1, 9, 55, 39, 9, 354, 0, 17, 7, 28, 15, 2, 65, 59, 110, 84, 84, 179, 126, 1985089746, 32, 8, 5, 14, 10, 33, 45, 44, 8, 6, 13, 8, 45, 75, 41, 6, 20, 12, 3, 41, 74, 64, 0, 9, 1, 1, 36, 17, 22, 26, 23, 25, 31, 7, 122, 8, 25, 22, 33, 15, 113, 102, 83, 134, 19, 5, 16, 8, 38, 5838311033, 42, 23, 16, 30, 11, 3, 14, 11, 33, 23, 30, 8, 0, 76, 40, 16, 125, 406, 21, 38, 40, 27, 21, 13, 17, 30, 3, 13, 34, 207, 464763755, 66, 6, 18, 19, 1, 23, 18]
Free Game RNG[50x] = [750943051, 265, 5, 2, 20, 55, 225, 31, 3172866906, 1384, 404, 0, 1, 0, 0, 0, 1, 1, 0, 66, 14, 2, 19, 10, 13, 21, 8, 13, 5, 9, 9, 39, 31, 56, 12, 11, 9, 14, 38, 75, 1, 7, 19, 39, 34, 6, 46, 7, 64, 118, 27, 39, 39, 5, 9, 107, 87, 752, 15, 0, 25, 29, 613, 8, 15, 14, 649, 0, 0, 0, 1, 1, 5, 16, 18, 1, 30, 13, 0, 0, 0, 3196030508, 49, 6, 10, 5, 4, 48, 10, 0, 11, 16, 19, 24, 3, 105, 32, 35, 72, 522, 53, 6, 18, 9, 18, 26, 17, 4, 85, 79, 119, 230, 77, 238, 222, 613, 0, 0, 1, 12, 17, 39, 6, 29, 2538217959, 28, 20, 42, 22, 14, 5, 37, 68, 30, 8, 19, 2, 22, 54, 40, 44, 1, 1935119051, 0, 3, 17, 13, 8, 49, 67]
Free Game RNG[60x] = [780888179, 236, 51, 47, 28, 26, 209, 105, 7620484475, 1522, 707, 1, 1, 0, 0, 0, 1, 1, 0, 30, 3, 5, 4, 3, 8, 33, 6560012158, 33, 5, 0, 4, 15, 31, 62, 21, 3, 33, 20, 34, 45, 9973221157, 33, 16, 15, 15, 2, 45, 50, 2, 9, 9, 13, 10, 9, 17, 15, 53, 32, 48, 37, 20, 17, 93, 96, 519, 399, 49, 26, 9, 24, 9, 23, 0, 14, 109, 2399145330, 18, 11, 12, 17, 7, 12, 65, 34, 31, 41, 20, 7, 4, 124, 7, 35, 31, 31, 26, 19, 52, 23, 28, 18, 33, 28, 80, 233, 40, 60, 90, 72, 20, 120, 101, 414, 855, 6963992958, 12, 31, 30, 20, 9, 17, 7, 41, 21, 22, 29, 14, 36, 67, 87, 81, 394, 550, 23, 14, 30, 34, 503, 2219144996, 41, 7, 3, 2, 11, 39, 73]
Free Game RNG[70x] = [818983167, 179, 35, 37, 30, 12, 206, 137, 6596435340, 2482, 654, 1, 0, 0, 0, 0, 2, 1, 0, 35, 5, 12, 7, 9, 7, 47, 3821082609, 52, 1, 15, 7, 8, 40, 9, 7834440962, 44, 13, 21, 12, 9, 13, 14, 1, 3, 20, 34, 0, 10, 74, 14, 55, 34, 0, 57, 58, 53, 700, 57, 5, 20, 9, 19, 22, 38, 501, 9, 12, 8, 0, 4, 35, 45, 4, 18, 6, 1, 39, 31, 42, 40, 14, 26, 32, 17, 127, 50, 114, 35, 18, 19, 58, 54, 30, 122, 510, 666, 137, 55, 14, 45, 24, 49, 5, 17, 3, 23, 39, 56, 156, 60, 19, 29, 13, 34, 165, 428, 10, 7072684791, 41, 33, 30, 39, 18, 6, 105, 82, 292, 36, 26, 30, 17, 33, 15, 131, 44, 174, 2113771536, 50, 14, 12, 2, 15, 7, 5, 6515373737]
Free Game RNG[80x] = [854895484, 47, 30, 40, 47, 66, 109, 4, 1768091391, 484, 558, 1, 1, 1, 0, 0, 1, 0, 0, 67, 9, 12, 5, 12, 44, 61, 23, 9, 20, 13, 13, 14, 78, 3, 10, 1, 0, 17, 8, 111, 18, 44, 107, 56, 289, 55, 56, 23, 17, 22, 60, 290, 177, 0, 12, 7, 17, 13, 11, 16, 17, 3, 69, 27, 145, 0, 22, 14, 10, 3398838637, 59, 1, 4, 17, 10, 21, 4, 2193766991, 23, 6, 0, 19, 5, 45, 72, 22, 36, 3, 7, 41, 57, 7783766699, 24, 37, 4, 29, 29, 14, 4, 6, 38, 23, 12, 22, 13, 40, 28, 54, 38, 37, 12, 24, 1, 10, 36, 187, 34, 131, 14, 52, 1021611059, 3, 8, 7, 14, 2, 7, 63, 37, 14, 68, 14, 52, 32, 2555013796, 36, 17, 22, 20, 25, 15, 13, 48, 396, 309, 19, 22, 24, 103, 483, 136, 2, 958, 77, 27, 6, 44, 85, 36, 87, 16, 450, 163, 6500124284]
Free Game RNG[90x] = [955062324, 257, 2, 7, 46, 35, 253, 71, 6, 9, 9, 25, 7097110779, 560, 389, 2, 0, 1, 0, 1, 1, 1, 0, 19, 7, 9, 16, 13, 11, 36, 5751145783, 51, 11, 14, 15, 1, 45, 25, 1, 0, 1, 26, 6, 10, 7, 66, 82, 9, 16, 18, 45, 149, 10, 39, 19, 25, 20, 20, 14, 4, 92, 98, 21, 102, 975, 0, 12, 13, 0, 0, 6, 14, 26, 24, 6, 33, 220, 0, 1, 0, 21, 20, 15, 8490967025, 48, 16, 11, 2, 15, 18, 41, 34, 10, 10, 11, 3, 8, 10, 7294030131, 1, 7, 18, 29, 24, 6, 78, 44, 18, 30, 4, 42, 204, 25, 24, 23, 12, 16, 15, 12, 26, 6, 33, 10, 33, 20, 30, 8616150257, 25, 36, 7, 15, 20, 8, 127, 68, 2, 6, 290, 26, 34, 34, 26, 54, 48, 33, 13, 3, 20, 355, 290, 834, 186, 37, 15, 17, 20, 695007104, 5, 2, 2, 7, 5, 5, 54]
Free Game RNG[100x] = [980104098, 215, 18, 51, 55, 3, 53, 41, 3778793761, 321, 454, 1, 0, 1, 0, 0, 1, 0, 0, 43, 2, 20, 11, 5, 20, 36, 5, 5, 0, 17, 4, 35, 73, 16, 26, 39, 17, 13, 1, 63, 3559534418, 2, 9, 16, 5, 18, 2, 90, 32, 84, 12, 14, 9, 25, 6, 28, 15, 8, 40, 9, 24, 741, 8, 6, 26, 7, 30, 24, 24, 29, 114, 150, 5, 289, 8107207129, 34, 1, 13, 3, 7, 13, 72, 5901676916, 19, 15, 13, 3, 9, 4, 11, 13, 24, 10, 29, 21, 1, 8, 33, 28, 35, 20, 26, 472, 24, 31, 28, 37, 21, 31, 41, 114359560, 792191003, 0, 7, 7, 0, 19, 0, 112, 3, 22, 111, 25, 18, 964, 5807021405, 10, 34, 27, 35, 7, 14, 94, 57, 31, 34, 8, 14, 47, 35, 10, 143, 55, 44, 627, 7007933694, 2, 0, 3, 2, 0]
Free Game RNG[200x] = [995566464, 266, 47, 21, 33, 56, 70, 101, 5867273090, 740, 62, 0, 1, 0, 0, 0, 0, 1, 0, 37, 11, 13, 13, 14, 41, 67, 32, 10, 6, 5, 9, 34, 53, 29, 10, 12, 14, 5, 14, 8, 1, 12, 1, 39, 16, 6, 38, 54, 44, 57, 21, 30, 7, 12, 964, 38, 6, 23, 3, 2, 23, 21, 26, 95, 178, 764, 0, 0, 15, 11, 9, 9, 5, 25, 35, 33, 36, 51, 110, 63, 201, 5166699273, 21, 16, 0, 4, 7, 32, 55, 959759216, 67, 6, 3, 8, 2, 29, 23, 8, 1, 1, 31, 7, 18, 92, 85, 176, 86, 6, 2, 38, 27, 0, 10, 0, 8, 42, 129, 102, 95, 341, 17, 42, 16, 12, 11, 35, 6, 20, 42, 0, 39, 1439896111, 1141, 740, 2, 0, 0, 0, 1, 4, 0, 2, 1, 0, 0, 0, 5, 24, 3, 0, 76, 42, 45, 57, 33, 43, 425, 23, 20, 23, 0, 66, 3, 0, 19, 10, 6, 26, 9689978471, 64, 15, 16, 8, 13, 1, 11, 32, 13, 20, 14, 8, 4, 56, 3, 10, 2, 32, 30, 0, 23, 28, 39, 70, 57, 14, 67, 50, 24, 111, 7, 3, 26, 20, 895, 0, 8, 0, 5, 10, 36, 18, 6, 90, 0, 1, 1, 1, 7, 17, 9, 30224492, 1097273132, 29, 14, 2, 8, 11, 41, 2, 7, 5, 38, 19, 22, 12, 19, 21, 14, 22, 24, 57, 378, 51, 26, 24, 88, 57, 371, 328, 644, 11, 13, 6, 9, 15, 18, 31, 0, 6, 19, 46, 13, 0, 8, 31, 62, 16, 65, 14, 0, 11, 24, 105, 103, 9, 6, 7, 3, 27, 2, 5, 30, 786, 0, 1, 0, 0, 0, 27, 14, 32, 5442370741, 1, 12, 7, 1, 9, 17, 35, 60, 9, 19, 5, 9, 3, 57, 3, 3, 2, 3, 3]
Free Game RNG[300x] = [996995244, 101, 30, 23, 7, 32, 281, 93, 2327325324, 1428, 586, 1, 1, 1, 0, 0, 1, 0, 0, 23, 16, 4, 0, 14, 35, 52, 5, 1, 6, 2, 7, 34, 22, 420247891, 3, 11, 13, 45, 7, 3, 64, 47, 33, 79, 7, 8, 924, 9766175601, 1404, 745, 2, 2, 0, 0, 2, 2, 0, 0, 49, 10, 4, 18, 6, 22, 1, 13, 23, 38, 11, 9, 19, 10, 9, 0, 11, 50, 47, 1, 11, 4, 39, 25, 10, 73, 45, 59, 68, 65, 39, 71, 82, 71, 634, 22, 3, 36, 25, 3656394709, 42, 16, 20, 10, 15, 14, 1, 44, 23, 31, 35, 27, 17, 86, 83, 125, 38, 6, 6, 30, 57, 32, 39, 112, 27, 170, 343, 31, 47, 6, 55, 32, 39, 18, 8, 31, 27, 5, 22, 102, 116, 6300304726, 31, 10, 14, 1, 11, 44, 39, 3, 14, 21, 10, 30, 4, 70, 17, 14, 53, 39, 2, 56, 70, 46, 7, 19, 39, 8, 0, 3, 11, 3, 1, 50, 221, 46, 256, 263, 683, 0, 1, 1, 1, 1, 16, 986, 6939808743, 47, 8, 20, 0, 4, 15, 3, 34, 34, 48, 28, 22, 47, 3, 21, 2, 7, 2, 27, 2, 9, 3, 5, 21, 1, 71, 18, 14, 64, 20, 10, 22, 10, 15, 16, 21, 61, 920, 0, 16, 15, 23, 20, 43, 7, 146, 170, 205, 95, 1, 1, 20, 4, 58, 34, 97, 14, 256, 0, 0, 0, 0, 7, 13, 2, 397, 0, 0, 0, 0, 0, 0, 4, 113400775, 368500837, 29, 15, 15, 33, 15, 16, 83, 53, 14, 22, 0, 34, 76, 112, 40, 93, 66, 923655846, 52, 4, 14, 4, 4, 9, 70, 3649712366, 64, 1, 1, 14, 6, 1, 71, 3640813557, 1, 1, 3, 3]
Free Game RNG[400x] = [998636425, 137, 12, 52, 56, 55, 46, 41, 5460155515, 303, 315, 0, 0, 1, 0, 1, 2, 0, 0, 60, 15, 3, 14, 8, 8, 21, 4258244766, 57, 8, 11, 15, 0, 32, 54, 3624521033, 0, 2, 13, 53, 17, 0, 32, 62, 6, 4, 99, 43, 6, 6, 79, 50, 22, 16, 5, 20, 15, 767, 0, 0, 16, 2, 26, 25, 110, 46, 127, 83, 270, 116, 194, 1, 23, 7, 25, 36, 12, 323, 2320697395, 1230, 784, 0, 2, 0, 0, 3, 3, 0, 2, 1, 0, 64, 15, 2, 0, 1, 38, 73, 3, 14, 5, 4, 29, 8, 3, 22, 9, 57, 92, 30, 50, 40, 4, 0, 18, 23, 11, 3, 30, 1, 27, 37, 29, 427, 6822207475, 30, 33, 7, 30, 1, 12, 127, 44, 70, 370, 4, 14, 41, 18, 151, 261, 987, 328, 19, 27, 57, 11, 18, 13, 31, 44, 43, 6, 19, 63, 29, 9, 340, 316, 237, 159, 175, 26, 46, 26, 12, 42, 9503361194, 46, 6, 15, 16, 1, 4, 63, 12, 31, 20, 38, 25, 13, 68, 46, 29, 20, 7, 8, 31, 11, 59, 6244639447, 52, 3, 8, 7, 11, 50, 24, 1, 3, 10, 7, 11, 5, 84, 25, 57, 106, 38, 58, 931, 62, 24, 10, 19, 40, 21, 48, 0, 14, 15, 0, 0, 17, 1, 25, 25, 31, 12, 15, 9, 69, 96, 0, 2110244740, 3, 5, 20, 6, 14, 42, 64, 23, 1, 1, 14, 9, 8, 47, 3272475524, 24, 7, 10, 14, 5, 10, 10, 4376938393, 2, 8, 13, 12, 19, 2, 7, 67, 51, 26, 35, 30, 24, 26, 1, 0, 3, 3, 14, 50, 92, 126, 165, 79, 9, 87, 0, 0, 0, 27, 2, 26, 16, 52, 6824831001, 54, 6, 7, 8, 3, 36, 75, 9, 19, 43, 26, 17, 10, 11, 17, 6, 23, 29, 33, 30, 44, 28, 49, 36, 28, 65, 31, 45, 418, 869229005, 58, 11, 10, 11, 2, 2, 58, 43, 5, 5, 5, 2, 18, 37, 20, 9, 3, 3, 46, 19, 63]
Free Game RNG[500x] = [999972606, 277, 8, 20, 54, 42, 59, 104, 3175418030, 217, 582, 0, 1, 0, 0, 1, 2, 1, 0, 30, 13, 1, 4, 8, 35, 16, 2648039935, 48, 0, 6, 11, 12, 5, 68, 43, 11, 5, 14, 12, 40, 20, 0, 0, 9, 54, 17, 1, 97, 17, 37, 37, 18, 5, 430, 65, 22, 27, 41, 40, 13, 57, 189, 0, 5, 11, 11, 29, 10, 35, 28, 108, 93, 66, 7, 19, 221, 27, 226, 154, 6539646360, 569, 392, 3, 2, 0, 0, 0, 0, 1, 0, 2, 5, 16, 1, 12, 0, 59, 37, 23, 69, 5, 12, 22, 25, 25, 50, 2, 21, 13, 27, 74, 79, 57, 76, 6, 455, 4, 9, 3, 24, 22, 24, 818973285, 22, 20, 10, 6, 21, 2, 64, 24, 8040553870, 30, 46, 29, 38, 23, 1, 61, 60, 419, 4, 8, 5, 21, 32, 45, 34, 43, 42, 14, 19, 7, 41, 8, 55, 56, 18, 90, 44, 9, 12, 104, 6, 83, 168, 386, 252, 7836439091, 22, 3, 0, 17, 14, 37, 31, 208755931, 432019991, 0, 11, 9, 17, 21, 4, 54, 0, 27, 34, 28, 46, 67, 21, 7, 12, 5693084065, 58, 4, 3, 16, 6, 44, 0, 23, 7, 5, 5, 9, 31, 49, 44, 1, 16, 5, 5, 41, 17, 5679868403, 63, 1, 10, 12, 8, 43, 72, 4609332786, 14, 1, 4, 12, 14, 4, 38, 1806648410, 36, 19, 4, 18, 20, 3, 91, 31, 2991763718, 1, 13, 10, 5, 23, 2, 32, 36, 45, 13, 55, 981, 13, 9, 0, 51, 6, 5, 102, 7, 6, 2, 17, 16, 8, 2, 28, 9, 22, 96, 101, 97, 0, 0, 0, 0, 1, 0, 33, 35, 11, 16, 33, 18, 46, 239, 666, 7962377102, 0, 3, 2, 3, 3]
=======================FreeGame C1 RNG INFO=======================================
Free Game C1[3] = [682958707, 74, 50, 30, 56, 21, 202, 104, 416292771, 2047, 325, 3, 1, 1, 0, 0, 0, 0, 0, 1, 12, 5, 49, 25, 8, 44, 58, 32, 52, 98, 46, 22, 12, 12, 18, 9, 18, 631, 0, 0, 15, 14, 9, 0, 68, 74, 7993216200, 2244, 231, 3, 2, 1, 0, 1, 0, 0, 0, 25, 13, 18, 6, 9, 47, 20, 66, 6, 12, 0, 10, 38, 54, 52, 11, 17, 9, 4, 46, 9, 28, 13, 34, 14, 70, 41, 3, 18, 4, 15, 41, 15, 5401954326, 54, 2, 21, 17, 1, 26, 25, 28, 34, 20, 30, 33, 8, 83, 40, 27, 18, 28, 53, 121, 74, 81, 0, 2, 38, 33, 12, 11, 19, 24, 31, 77, 368, 460, 9812577282, 13, 40, 37, 5, 36, 15, 46, 7, 3, 6, 0, 53, 14, 2, 20, 60, 20, 5, 714, 3721361690, 12, 14, 5, 17, 11, 41, 70, 14, 13, 9, 0, 13, 43, 63, 5349162784, 29, 11, 12, 12, 4, 23, 42, 61, 1, 18, 16, 12, 43, 38, 7430027121, 48, 10, 11, 9, 9, 41, 15, 8, 8, 21, 7, 34, 15, 54, 39, 39, 39, 19, 0, 37, 13, 34, 73, 12, 13, 3, 56, 50, 123, 48, 117, 2, 346, 147, 8505851684]
Free Game C1[4] = [717444131, 27, 58, 2, 18, 61, 132, 115, 334780076, 1566, 185, 2, 2, 0, 0, 1, 0, 1, 0, 46, 6, 13, 5, 14, 32, 77, 1, 11, 14, 35, 4, 7, 60, 51, 19, 54, 42, 48, 52, 46, 57, 24, 4, 26, 0, 0, 1, 24, 123, 2438758863, 1, 5, 8, 4, 5, 20, 70, 6964000337, 17, 7, 0, 4, 0, 14, 71, 2802466186, 297, 706, 3, 2, 1, 0, 2, 1, 0, 0, 61, 11, 10, 18, 5, 12, 53, 5, 6, 4, 0, 3, 44, 25, 4, 27, 12, 26, 20, 42, 23, 41, 16, 29, 25, 18, 73, 21, 35, 19, 22, 9, 5440161353, 23, 20, 42, 35, 15, 5, 47, 7, 9000862173, 2, 0, 21, 25, 34, 0, 67, 13, 12, 72, 37, 5, 4, 47, 85, 10, 21, 9, 10, 11, 0, 25, 71, 9853700827, 2, 9, 5, 14, 15, 50, 53, 24, 5, 8, 5, 6, 30, 65, 28, 40, 1, 1, 28, 9, 52, 64, 20, 2, 20, 33, 1, 28, 2141926050, 3, 11, 1, 25, 32, 2, 59, 23, 38, 16, 56, 70, 15, 43, 4, 94, 18, 26, 1, 164, 0, 1, 13, 29, 33, 410, 3326609226, 47, 13, 21, 5, 5, 46, 72, 29, 32, 36, 5, 15, 17, 88, 37, 6598375344]
Free Game C1[5] = [996712007, 196, 12, 20, 49, 33, 131, 64, 9097039681, 2267, 204, 0, 1, 0, 0, 2, 0, 1, 0, 28, 15, 3, 15, 2, 0, 45, 34, 2, 4, 3, 14, 44, 4, 17, 2, 4, 2, 4, 28, 75, 1462492314, 1, 11, 13, 27, 9, 6, 32, 50, 37, 54, 22, 54, 23, 49, 41, 9, 0, 25, 9, 31, 291, 496, 3, 10, 14, 1, 41, 12, 7, 1683713046, 32, 7, 14, 11, 16, 4, 121, 59, 372, 27, 45, 139, 108, 38, 230, 339, 188, 193, 317, 22, 41, 49, 4, 24, 39, 21, 5, 4, 32, 18, 8, 5640003174, 16, 1, 13, 4, 0, 7, 77, 8612738851, 1887, 206, 2, 1, 0, 0, 3, 1, 2, 2, 0, 0, 6, 41, 41, 35, 27, 6, 113, 40, 107, 19, 50, 53, 18, 38, 19, 55, 55, 41, 5, 158, 116, 116, 39, 46, 15, 20, 1, 106, 29, 411, 316, 21, 6, 54, 6, 22, 4544112849, 26, 0, 2, 0, 1, 28, 59, 51, 2, 14, 7, 13, 44, 24, 31, 13, 20, 7, 14, 40, 14, 42, 12, 1, 7, 2, 50, 54, 29, 5, 4, 60, 3, 14, 11, 5, 2, 3, 85, 0, 43, 59, 90, 48, 26, 654, 60, 27, 27, 2, 14, 23, 41, 8, 2, 2, 107, 902, 13, 1, 9, 10, 13, 30, 33, 14, 0, 13, 18, 23, 13, 0, 0, 6, 16, 162, 28, 5, 21, 8, 9, 13, 46, 17, 2, 3, 18, 15, 41, 74, 3108111321, 14, 33, 41, 12, 4, 1, 125, 83, 30, 4, 2, 32, 48, 28, 3477914524, 40, 5, 13, 38, 36, 13, 103, 63, 192, 22, 32, 3, 30, 58, 53, 84, 123, 430, 227, 59, 32, 8, 4, 41, 3842519693, 35, 1, 15, 13, 10, 37, 2, 1932076553, 65, 0, 9, 16, 14, 0, 33]
=======================整場TopUpGame 倍數=======================================
=======================by Game Data=======================================
BG_HitFG_C1Count[4] = 700000
BG_eliminateSymbolHit[10][2] = 16611
BG_eliminateSymbolHit[10][3] = 6708
BG_eliminateSymbolHit[10][4] = 1758
BG_eliminateSymbolHit[10][5] = 9686
BG_eliminateSymbolHit[11][2] = 13547
BG_eliminateSymbolHit[11][3] = 1092
BG_eliminateSymbolHit[11][4] = 730
BG_eliminateSymbolHit[11][5] = 328
BG_eliminateSymbolHit[2][2] = 5225
BG_eliminateSymbolHit[2][3] = 1121
BG_eliminateSymbolHit[2][4] = 1285
BG_eliminateSymbolHit[2][5] = 21
BG_eliminateSymbolHit[3][2] = 946
BG_eliminateSymbolHit[3][3] = 262
BG_eliminateSymbolHit[3][4] = 1113
BG_eliminateSymbolHit[3][5] = 25
BG_eliminateSymbolHit[4][2] = 8818
BG_eliminateSymbolHit[4][3] = 2901
BG_eliminateSymbolHit[4][4] = 3924
BG_eliminateSymbolHit[4][5] = 3003
BG_eliminateSymbolHit[5][2] = 3526
BG_eliminateSymbolHit[5][3] = 1018
BG_eliminateSymbolHit[5][4] = 248
BG_eliminateSymbolHit[5][5] = 1540
BG_eliminateSymbolHit[6][2] = 2765
BG_eliminateSymbolHit[6][3] = 109
BG_eliminateSymbolHit[6][4] = 614
BG_eliminateSymbolHit[6][5] = 525
BG_eliminateSymbolHit[7][2] = 7615
BG_eliminateSymbolHit[7][3] = 2081
BG_eliminateSymbolHit[7][4] = 500
BG_eliminateSymbolHit[7][5] = 3581
BG_eliminateSymbolHit[8][2] = 2037
BG_eliminateSymbolHit[8][3] = 1836
BG_eliminateSymbolHit[8][4] = 1715
BG_eliminateSymbolHit[8][5] = 916
BG_eliminateSymbolHit[9][2] = 5168
BG_eliminateSymbolHit[9][3] = 6970
BG_eliminateSymbolHit[9][4] = 1622
BG_eliminateSymbolHit[9][5] = 7431
BaseGameCombo[0] = 626452
BaseGameCombo[1] = 47986
BaseGameCombo[2] = 13264
BaseGameCombo[3] = 6437
BaseGameCombo[4] = 3912
BaseGameCombo[5] = 1614
BaseGameCombo[6] = 283
BaseGameCombo[7] = 49
BaseGameCombo[8] = 3
FG_MaxMultiplier[10] = 52581
FG_MaxMultiplier[11] = 25716
FG_MaxMultiplier[12] = 11533
FG_MaxMultiplier[13] = 5301
FG_MaxMultiplier[14] = 2862
FG_MaxMultiplier[15] = 1644
FG_MaxMultiplier[16] = 1117
FG_MaxMultiplier[17] = 756
FG_MaxMultiplier[18] = 602
FG_MaxMultiplier[19] = 436
FG_MaxMultiplier[20] = 299
FG_MaxMultiplier[21] = 249
FG_MaxMultiplier[22] = 182
FG_MaxMultiplier[23] = 114
FG_MaxMultiplier[24] = 68
FG_MaxMultiplier[25] = 42
FG_MaxMultiplier[26] = 30
FG_MaxMultiplier[27] = 12
FG_MaxMultiplier[28] = 9
FG_MaxMultiplier[29] = 5
FG_MaxMultiplier[30] = 2
FG_MaxMultiplier[32] = 1
FG_MaxMultiplier[3] = 777
FG_MaxMultiplier[4] = 10578
FG_MaxMultiplier[5] = 53539
FG_MaxMultiplier[6] = 126539
FG_MaxMultiplier[7] = 164728
FG_MaxMultiplier[8] = 144148
FG_MaxMultiplier[9] = 96130
FG_Retrigger_C1Count[0] = 976
FG_Retrigger_C1Count[1] = 5164
FG_Retrigger_C1Count[2] = 6420
FG_Retrigger_C1Count[3] = 2141
FG_Retrigger_C1Count[4] = 109
FG_Retrigger_C1Count[5] = 2
FG_eliminateSymbolHit[10][2] = 93159
FG_eliminateSymbolHit[10][3] = 47563
FG_eliminateSymbolHit[10][4] = 20335
FG_eliminateSymbolHit[10][5] = 14713
FG_eliminateSymbolHit[11][2] = 2321697
FG_eliminateSymbolHit[11][3] = 414768
FG_eliminateSymbolHit[11][4] = 128376
FG_eliminateSymbolHit[11][5] = 152978
FG_eliminateSymbolHit[2][2] = 32422
FG_eliminateSymbolHit[2][3] = 14402
FG_eliminateSymbolHit[2][4] = 5698
FG_eliminateSymbolHit[2][5] = 5288
FG_eliminateSymbolHit[3][2] = 239407
FG_eliminateSymbolHit[3][3] = 148770
FG_eliminateSymbolHit[3][4] = 35475
FG_eliminateSymbolHit[3][5] = 880
FG_eliminateSymbolHit[4][2] = 1480418
FG_eliminateSymbolHit[4][3] = 374940
FG_eliminateSymbolHit[4][4] = 25987
FG_eliminateSymbolHit[4][5] = 84181
FG_eliminateSymbolHit[5][2] = 183792
FG_eliminateSymbolHit[5][3] = 129990
FG_eliminateSymbolHit[5][4] = 5453
FG_eliminateSymbolHit[5][5] = 40
FG_eliminateSymbolHit[6][2] = 754277
FG_eliminateSymbolHit[6][3] = 1005527
FG_eliminateSymbolHit[6][4] = 874468
FG_eliminateSymbolHit[6][5] = 6225
FG_eliminateSymbolHit[7][2] = 41776
FG_eliminateSymbolHit[7][3] = 77905
FG_eliminateSymbolHit[7][4] = 280374
FG_eliminateSymbolHit[7][5] = 228304
FG_eliminateSymbolHit[8][2] = 1590726
FG_eliminateSymbolHit[8][3] = 813178
FG_eliminateSymbolHit[8][4] = 245099
FG_eliminateSymbolHit[8][5] = 635483
FG_eliminateSymbolHit[9][2] = 467991
FG_eliminateSymbolHit[9][3] = 299385
FG_eliminateSymbolHit[9][4] = 365484
FG_eliminateSymbolHit[9][5] = 539596
FreeGameCombo[0] = 3352782
FreeGameCombo[1] = 772007
FreeGameCombo[2] = 977352
FreeGameCombo[3] = 389800
FreeGameCombo[4] = 220919
FreeGameCombo[5] = 26129
FreeGameCombo[6] = 6900
FreeGameCombo[7] = 189
FreeGameCombo[8] = 4
baseHaveatleast1C1 = 700000
bgTotal = 700000
fgHaveatleast1C1 = 3018799
fgTotal = 5746082
ComboRate = 53125700000
=======================RNG INFO=======================================
