version = H017192-2.0.0.0/H017194-2.0.0.0 GameID = 101004, JP optionID = 22, Coin in = 100, currency denom = 0.002000, betMultiplier = 1,feature bet = 0, denom Multiplier = 0 
TotalSpin = 10000000, TotalBet = 1000000000
=======================Total RTP=======================================
BaseGameRtp = 0.698710
ScatterRtp = 0.000000
FreeGameRtp = 0.239729
TotalRtp (excluding JP/bonus) = 0.938439
BonusJP Rtp = 0.031301
LinkJP Rtp = 0.000000
TotalRtp (including JP/bonus) = 0.969740
=======================BaseGame info=======================================
BaseGameTTLWin = 698709800
BG SymbolHit[2][2] = 499679
BG SymbolHit[2][3] = 202793
BG SymbolHit[2][4] = 105976
BG SymbolHit[2][5] = 73952
BG SymbolHit[3][2] = 1985025
BG SymbolHit[3][3] = 290985
BG SymbolHit[3][4] = 152858
BG SymbolHit[3][5] = 126062
BG SymbolHit[4][2] = 168966
BG SymbolHit[4][3] = 43014
BG SymbolHit[4][4] = 21889
BG SymbolHit[4][5] = 16964
BG SymbolHit[5][2] = 360226
BG SymbolHit[5][3] = 81954
BG SymbolHit[5][4] = 14810
BG SymbolHit[5][5] = 6417
BG SymbolHit[6][2] = 245607
BG SymbolHit[6][3] = 148178
BG SymbolHit[6][4] = 15718
BG SymbolHit[6][5] = 10143
BG SymbolHit[7][2] = 757353
BG SymbolHit[7][3] = 126255
BG SymbolHit[7][4] = 48072
BG SymbolHit[7][5] = 54514
BG SymbolHit[8][2] = 417456
BG SymbolHit[8][3] = 123659
BG SymbolHit[8][4] = 27740
BG SymbolHit[8][5] = 21506
BG SymbolHit[9][2] = 212374
BG SymbolHit[9][3] = 116184
BG SymbolHit[9][4] = 44235
BG SymbolHit[9][5] = 23563
BG SymbolHit[10][2] = 1002693
BG SymbolHit[10][3] = 327024
BG SymbolHit[10][4] = 160237
BG SymbolHit[10][5] = 94337
BG SymbolHit[11][2] = 262060
BG SymbolHit[11][3] = 170766
BG SymbolHit[11][4] = 44990
BG SymbolHit[11][5] = 27607
BG WheelTable[0] Count = 9944380
BG FeatureHit[0] = 55620
BG FeatureHit[1] = 23706
=======================FreeGame info=======================================
FreeGameTTLRound = 476996
FreeGameTTLWin = 239729260
FG SymbolHit[2][2] = 62570
FG SymbolHit[2][3] = 82395
FG SymbolHit[2][4] = 13741
FG SymbolHit[2][5] = 5754
FG SymbolHit[3][2] = 1809
FG SymbolHit[3][3] = 340
FG SymbolHit[3][4] = 62
FG SymbolHit[4][2] = 37771
FG SymbolHit[4][3] = 45088
FG SymbolHit[5][2] = 41810
FG SymbolHit[5][3] = 65848
FG SymbolHit[6][2] = 2510
FG SymbolHit[6][3] = 1916
FG SymbolHit[6][4] = 1108
FG SymbolHit[7][2] = 10063
FG SymbolHit[7][3] = 52962
FG SymbolHit[7][4] = 8415
FG SymbolHit[7][5] = 18271
FG SymbolHit[8][2] = 15817
FG SymbolHit[8][3] = 666
FG SymbolHit[8][4] = 74
FG SymbolHit[8][5] = 76
FG SymbolHit[10][2] = 6121
FG SymbolHit[10][3] = 10802
FG SymbolHit[10][4] = 2078
FG SymbolHit[10][5] = 2201
FG SymbolHit[11][2] = 94272
FG SymbolHit[11][3] = 21049
FG SymbolHit[11][4] = 33636
FG SymbolHit[11][5] = 32274
FG Wheel Table [0] Count = 282397
FG Wheel Table [1] Count = 100309
FG Wheel Table [2] Count = 94290
FG FeatureHit[0] = 1518
FG FeatureHit[1] = 1239
=======================JP info=======================================
LinkJP RTP = 0.000000
BonusJP RTP = 0.031301
JPTotalRound = 24945, avgPeriod = 400.881927
pool[1] hit = 0, ttlWin = 0, avg = 0.000000
pool[2] hit = 0, ttlWin = 0, avg = 0.000000
pool[3] hit = 1589, ttlWin = 1589000, avg = 1000, rtp = 0.007945
pool[4] hit = 23356, ttlWin = 4671200, avg = 200, rtp = 0.023356
=======================BaseGame 倍數=======================================
BaseGame 00 = 6216650
BaseGame 0x = 2313494, Pay = 102228440, 1C1 = 631869, 2C1 = 211468, 3C1 = 83376, 4C1 = 59487, 5C1 = 20650
BaseGame 1x = 517466, Pay = 78814960, 1C1 = 131098, 2C1 = 37108, 3C1 = 13641, 4C1 = 9530, 5C1 = 2722
BaseGame 2x = 258853, Pay = 65481130, 1C1 = 66775, 2C1 = 16865, 3C1 = 5740, 4C1 = 4218, 5C1 = 1184
BaseGame 3x = 198351, Pay = 69655565, 1C1 = 48409, 2C1 = 11536, 3C1 = 3660, 4C1 = 2798, 5C1 = 690
BaseGame 4x = 128725, Pay = 58398305, 1C1 = 32777, 2C1 = 7282, 3C1 = 2216, 4C1 = 1697, 5C1 = 428
BaseGame 5x = 72965, Pay = 40495275, 1C1 = 18297, 2C1 = 4015, 3C1 = 1160, 4C1 = 851, 5C1 = 254
BaseGame 6x = 52925, Pay = 34466585, 1C1 = 12725, 2C1 = 2590, 3C1 = 711, 4C1 = 582, 5C1 = 129
BaseGame 7x = 52855, Pay = 39865460, 1C1 = 12830, 2C1 = 2611, 3C1 = 711, 4C1 = 551, 5C1 = 129
BaseGame 8x = 28266, Pay = 24144020, 1C1 = 6814, 2C1 = 1342, 3C1 = 350, 4C1 = 250, 5C1 = 68
BaseGame 9x = 28368, Pay = 27025190, 1C1 = 6986, 2C1 = 1207, 3C1 = 339, 4C1 = 251, 5C1 = 68
BaseGame 10x = 50459, Pay = 61770050, 1C1 = 11851, 2C1 = 2012, 3C1 = 498, 4C1 = 389, 5C1 = 89
BaseGame 15x = 24058, Pay = 41572125, 1C1 = 5455, 2C1 = 861, 3C1 = 203, 4C1 = 128, 5C1 = 34
BaseGame 20x = 426, Pay = 951090, 1C1 = 92, 2C1 = 14, 3C1 = 4, 4C1 = 1, 5C1 = 2
BaseGame 25x = 519, Pay = 1413215, 1C1 = 119, 2C1 = 9, 3C1 = 1, 4C1 = null, 5C1 = 1
=======================Base Game RNG INFO=======================================
Base Game RNG[10x] = [991519924, 120, 353, 75, 275, 626, 80, 438, 0, 9, 71, 50, 32, 272, 171, 167, 214, 621, 1, 9, 279, 262, 144, 261, 296, 117, 171, 112, 7, 107, 117, 60, 126, 155, 71, 76, 33, 107, 64, 7, 40, 15, 191, 73, 20, 148, 140, 67]
Base Game RNG[20x] = [995627217, 727580485, 777, 356, 289, 200, 363, 19, 124, 43, 34, 56, 305, 205, 105, 234, 102, 16, 119, 24, 1, 53, 198, 101, 211, 104, 160, 166, 165, 33, 42, 4, 211, 114, 242, 1, 5, 1, 113, 106, 28, 23, 205, 11, 104, 56, 1, 191, 190, 91, 38, 48, 58, 58, 138, 6, 20, 108, 2, 6, 5963501919, 622, 657, 1, 1, 1, 0, 3, 0, 1, 0, 52, 15, 16, 11, 13, 35, 26, 22, 35, 19, 39, 3, 61, 72, 61, 130, 280, 375, 81, 25, 15, 13, 14, 9, 13, 14, 40, 6273287071, 0, 14, 11, 18, 28, 10, 57, 2, 57, 64, 21, 28, 21, 82, 67, 13, 12, 38, 51, 4, 16, 17, 18, 11, 5, 21, 3488208039, 12, 1, 7, 0, 15, 25, 77, 2439591318, 4, 17, 18, 0, 4, 17, 23, 33, 34, 24, 20, 27, 58, 51, 67, 14, 3, 1, 5, 7, 11, 8932226751, 7, 17, 39, 32, 20, 6, 43, 1, 23, 22, 16, 35, 1, 2, 4, 25, 11, 4, 57, 33, 15, 34, 22, 43, 336, 48, 16, 8, 44, 0, 28, 11, 75, 42, 74, 3482270056]
Base Game RNG[30x] = [997785981, 227130850, 43, 340, 300, 223, 414, 602, 465, 214, 337, 116, 291, 207, 101, 159, 104, 4, 723, 90, 121, 17, 155, 187, 16, 123, 133, 17, 95, 93, 137, 136, 120, 78, 893, 7, 2, 0, 51, 98, 161, 120, 81, 15, 140, 90, 159, 62, 31, 925, 8, 5, 4, 25, 15, 0, 99, 3, 125, 9688036634, 1542, 228, 0, 0, 0, 0, 4, 3, 3, 1, 1, 0, 61, 9, 12, 14, 14, 19, 51, 56, 5, 2, 7, 14, 13, 48, 28, 2, 6, 19, 8, 6, 5, 18, 19, 15, 6, 56, 1, 13, 10, 24, 12, 5, 5, 17, 0, 87, 13, 17, 0, 26, 62, 7, 23, 16, 22, 11, 18, 128, 43, 413, 35, 8, 20, 52, 96, 137, 76, 271, 30, 39, 30, 42, 7, 783, 2, 31, 45, 12, 11, 3, 24, 93, 2783308100, 39, 8, 2, 17, 5, 37, 42, 6, 28, 42, 20, 19, 2, 60, 21, 23, 22, 12, 18, 7, 5, 3544161163, 14, 3, 0, 13, 4, 45, 70, 817422799, 17, 10, 13, 4, 13, 8, 25, 9, 37, 5, 18, 14, 6753317335, 16, 16, 19, 14, 7, 1, 50, 11, 27, 29, 39, 37, 45, 73, 9030162882]
Base Game RNG[40x] = [996903605, 463177425, 246, 20, 70, 351, 710, 270, 202, 2, 153, 112, 36, 18, 27, 31, 72, 322, 355, 42, 11, 248, 288, 314, 2, 7, 1, 77, 31, 37, 243, 69, 157, 146, 28, 83, 6, 6, 0, 62, 68, 3, 130, 96, 112, 3, 132, 1, 187, 111, 137, 9131817610, 1621, 463, 3, 1, 0, 0, 1, 1, 1, 0, 0, 9, 8, 19, 23, 4, 6, 10, 102, 8, 32, 43, 1, 15, 41, 14, 4986460782, 34, 14, 14, 14, 10, 17, 11, 55, 9, 1, 13, 8, 39, 11, 8, 6, 12, 19, 5, 1, 52, 9, 14, 8, 0, 9, 2, 20, 4, 34, 9, 4, 22, 18, 27, 35, 35, 0, 58, 37, 29, 752, 36, 36, 19, 24, 37, 22, 2715084376, 12, 11, 40, 18, 34, 6, 58, 83, 34, 9, 13, 30, 27, 32, 42, 91, 38, 70, 29, 356, 608, 769, 57, 50, 27, 22, 193, 376172579, 31, 4, 12, 1, 2, 29, 28]
Base Game RNG[50x] = [997736947, 908644597, 422, 48, 56, 240, 278, 552, 436, 0, 183, 334, 990, 190, 86, 332, 248, 222, 0, 14, 122, 91, 15, 69, 7, 2, 5, 121, 123, 201, 160, 130, 103, 120, 54, 113, 114, 187, 2, 0, 2, 132, 165, 102, 3, 8852928001, 300, 476, 3, 2, 1, 0, 0, 2, 0, 0, 3, 14, 3, 32, 10, 7, 83, 54, 84, 116, 44, 20, 13, 19, 110, 1, 2, 11, 28, 2, 5, 1, 19, 35, 3, 12, 17, 5, 16, 47, 3, 5, 5, 5, 4, 28, 40, 4, 0, 1, 35, 30, 134, 122, 40, 3, 10, 9, 8, 38, 36, 17, 3, 6, 14, 8, 42, 7, 3182150338, 1, 39, 35, 1, 25, 14, 10, 25, 31, 27, 25, 47, 19, 24, 13, 12, 6, 53, 16, 8465390002, 1, 7, 15, 9, 23, 1, 82, 24, 16, 117, 5, 31, 436, 18, 6, 26, 122, 7483730598, 2, 21, 22, 19, 9, 10, 9, 79, 19, 5, 32, 11, 28, 40, 138, 73, 13, 43, 0, 40, 44, 9, 2, 756, 5160808736]
Base Game RNG[60x] = [997632484, 614597967, 166, 248, 194, 286, 610, 73, 83, 9, 9, 15, 351, 143, 11, 35, 328, 3, 53, 83, 147, 144, 157, 179, 292, 2, 51, 98, 4, 137, 78, 19, 85, 147, 58, 147, 154, 97, 136, 971, 125, 206, 192, 94, 112, 16, 129, 0, 6, 2, 5, 82, 93, 0, 101, 35, 12, 59, 77, 103, 108, 64, 54, 10, 89, 256, 231, 86, 4, 35, 199, 708, 114, 325, 14, 138, 166, 8659412294, 1481, 526, 0, 1, 0, 0, 0, 2, 0, 0, 58, 7, 11, 19, 15, 42, 46, 13, 14, 12, 2, 1, 29, 49, 7016987260, 23, 7, 0, 3, 1, 18, 47, 8974761190, 1, 6, 14, 14, 5, 8, 39, 62, 40, 38, 45, 24, 21, 8, 5, 52, 38, 32, 12, 28, 3, 356, 6960793352, 25, 10, 3, 19, 4, 20, 5, 10, 31, 36, 27, 34, 0, 47, 78, 18, 5, 13, 45, 57, 67, 119, 39, 39, 28, 1834483120, 48, 0, 0, 17, 10, 23, 15, 6791588806, 2, 11, 14, 33, 30, 3, 110, 64, 85, 45, 33, 70, 41, 20, 33, 10, 53, 17, 16, 25, 43, 6, 0, 16, 3, 8, 26, 22, 0, 0, 1, 25, 54, 181, 6633823684]
Base Game RNG[70x] = [997633072, 414599865, 90, 215, 48, 372, 201, 428, 102, 154, 338, 264, 0, 0, 150, 116, 240, 47, 178, 301, 124, 71, 89, 301, 335, 102, 49, 71, 103, 7, 55, 24, 91, 38, 6, 240, 167, 199, 110, 85, 19, 11, 58, 126, 1, 5, 6, 159, 43, 183, 32, 176, 3, 161, 162, 14, 0, 1, 76, 7008332070, 1748, 680, 2, 2, 1, 0, 0, 1, 2, 0, 1, 0, 67, 9, 9, 13, 7, 14, 67, 3, 10, 11, 2, 26, 5, 22, 13, 97, 31, 43, 3, 68, 9, 71, 478, 11, 9, 2, 17, 41, 11, 6, 185, 0, 8, 19, 24, 22, 46, 91, 3093022796, 44, 13, 6, 1, 13, 36, 46, 31, 11, 18, 2, 9, 48, 42, 39, 0, 4, 1, 14, 21, 28, 61, 0, 5, 18, 13, 12, 22, 10, 43, 24, 30, 32, 12, 37, 39, 0, 13, 29, 24, 126, 76, 53, 31, 10, 39, 6, 29, 39, 307, 26, 30, 365, 152, 20, 4, 10, 12, 11, 6, 48, 4, 19, 24, 10, 28, 12, 90, 9, 224, 32, 23, 19, 52, 56, 120, 48, 883427977, 33, 0, 1, 15, 8, 32, 48]
Base Game RNG[80x] = [999555449, 174827974, 496, 447, 79, 277, 293, 520, 430, 30, 164, 89, 86, 244, 1, 0, 4, 18, 114, 283, 98, 81, 177, 214, 81, 24, 143, 102, 3, 6, 145, 51, 195, 41, 166, 43, 88, 120, 108, 126, 0, 0, 111, 61, 100, 0, 2, 42, 4906573816, 482, 382, 2, 0, 1, 0, 2, 2, 0, 0, 0, 13, 2, 12, 14, 27, 15, 14, 14, 7, 18, 1, 10, 11, 4296063541, 0, 5, 7, 28, 27, 7, 56, 5, 64, 77, 59, 60, 71, 13, 46, 22, 34, 8282640404, 54, 0, 10, 4, 2, 7, 20, 8361851495, 9, 28, 22, 6, 5, 10, 45, 42, 4953066662, 5, 24, 24, 18, 10, 7, 77, 50, 36, 23, 5, 17, 115, 98, 56, 63, 281, 652, 772, 76, 58, 40, 50, 1, 14, 14, 291, 35, 27, 12, 20, 7943538425, 62, 1, 15, 0, 0, 39, 22, 3867182567, 0, 12, 4, 22, 11, 10, 93, 54, 59, 61, 38, 53, 386, 794197349]
Base Game RNG[90x] = [997476863, 524381544, 364, 435, 309, 99, 359, 385, 205, 0, 0, 8, 216, 22, 174, 7, 167, 0, 226, 7, 1, 60, 217, 75, 56, 134, 97, 289, 234, 78, 176, 147, 0, 4, 5, 164, 87, 48, 50, 29, 96, 175, 163, 168, 40, 101, 90, 152, 50, 185, 11, 103, 136, 718, 2, 4, 121, 74, 155, 83, 166, 99, 93, 45, 106, 95, 3, 31, 122, 1, 32, 19, 14, 5, 65, 58, 7, 1796651334, 1115, 768, 2, 1, 1, 0, 1, 0, 0, 0, 6, 5, 21, 15, 9, 26, 18, 61, 6, 12, 9, 4, 36, 53, 0, 10, 21, 25, 20, 10, 22, 58, 12, 12, 65, 23, 11, 984, 7872010157, 67, 2, 17, 13, 2, 29, 61, 19, 0, 20, 15, 6, 21, 1, 40, 15, 12, 2, 4, 46, 64, 2, 1, 0, 53, 29, 8, 54, 44, 38, 86, 34, 67, 53, 976, 1, 23, 36, 16, 14, 192, 7803268722, 4, 19, 41, 33, 9, 16, 130, 14, 325, 5, 34, 20, 7, 8, 50, 52, 0, 122, 85, 120, 66, 26, 13, 35, 20, 31, 21, 13, 26, 59, 19, 5890207425]
Base Game RNG[100x] = [999240682, 914604208, 503, 75, 231, 12, 89, 358, 468, 5, 119, 78, 135, 94, 220, 255, 135, 354, 2, 53, 50, 227, 299, 40, 9, 56, 139, 17, 138, 23, 102, 101, 18, 24, 0, 37, 96, 2, 186, 57, 86, 155, 0, 26, 159, 136, 123, 31, 22, 79, 83, 9, 9, 3, 24, 98, 62, 64, 224, 2, 0, 23, 98, 228, 9138687112, 1019, 161, 1, 1, 1, 0, 3, 0, 1, 0, 38, 10, 18, 19, 3, 9, 76, 1473266838, 32, 12, 15, 1, 13, 24, 62, 0, 8, 11, 48, 25, 9, 11, 40, 62, 20, 6, 21, 62, 177, 5663685548, 36, 6, 20, 2, 1, 38, 9, 7, 8, 3, 33, 22, 14, 126, 61, 1, 4, 2, 14, 8, 9, 41, 59, 57, 56, 11, 9, 28, 5035730060, 21, 10, 4, 17, 1, 8, 46, 1672179880, 3, 4, 17, 2, 18, 3, 81, 31, 98, 44, 42, 60, 6, 21, 23, 19, 13, 10, 34, 53, 48, 23, 13, 18, 56, 104, 854, 9, 11, 11, 14, 8, 25, 61, 83, 42, 112, 259, 196, 360, 51, 9, 18, 10, 2, 20, 19]
Base Game RNG[200x] = [996882531, 667888062, 116, 229, 130, 216, 63, 524, 143, 0, 134, 232, 109, 27, 156, 127, 8, 305, 12, 73, 3, 74, 154, 239, 277, 4, 67, 174, 186, 318, 3, 109, 114, 222, 149, 9, 72, 783, 29, 110, 78, 5, 162, 4, 60, 28, 50, 869, 0, 75, 55, 2, 6, 15, 74, 182, 174, 26, 120, 199, 13, 10, 72, 77, 68, 19, 23, 234, 9, 93, 71, 6251705750, 406, 336, 2, 2, 0, 0, 2, 1, 1, 0, 64, 3, 4, 8, 3, 29, 7, 0, 13, 21, 23, 30, 3, 8, 9, 3, 26, 14, 65, 19, 47, 60, 40, 279, 20, 18, 19, 5, 10, 29, 12, 257, 13, 6, 2, 29, 838, 0, 1, 8, 12, 12, 2780164678, 24, 6, 12, 8, 2, 46, 47, 4, 3, 20, 18, 8, 7, 77, 3868407367, 10, 23, 36, 14, 35, 3, 13, 86, 10, 4, 12, 19, 135, 9, 142, 503, 160, 2469380386, 2, 2, 7, 13, 18, 3, 96, 48, 77, 5, 41, 42, 51, 20, 3, 32, 50, 22, 10, 18, 36, 2, 20, 5, 129, 86, 28, 18, 13, 53, 9, 72, 38, 45, 41, 21, 27, 8, 43, 39, 39, 59, 14, 23, 30, 2, 11, 7243393227, 33, 10, 20, 18, 9, 50, 51]
=======================Base Game C1 RNG INFO=======================================
Base Game C1[3] = [537039326, 28, 174, 275, 18, 71, 340, 211, 3412895038]
Base Game C1[4] = [690504031, 641, 22, 30, 153, 298, 208, 20, 34, 109, 123, 282, 2831403783]
Base Game C1[5] = [178690072, 482, 318, 203, 251, 550, 373, 419, 5931625479]
Base Game C1[6] = [768690925, 622, 487, 6, 2, 200, 433, 284, 0, 235, 20, 316, 239, 219, 9444730001]
Base Game C1[7] = [844001269, 454, 172, 31, 257, 33, 444, 400, 8, 0, 244, 128, 2045685498]
Base Game C1[8] = [336072314, 470, 480, 33, 2, 99, 528, 200, 57025051]
Base Game C1[9] = [210829923, 351, 42, 30, 4, 58, 438, 169, 8705799196]
Base Game C1[10] = [504888514, 379, 171, 35, 1, 64, 462, 174, 675693410]
Base Game C1[11] = [155072108, 323, 398, 34, 1, 176, 94, 451, 2268597617]
BGC1hit[1] hit = 2690132, FGC1hit[1] = 171144
BGC1hit[2] hit = 952889, FGC1hit[2] = 43209
BGC1hit[3] hit = 363182, FGC1hit[3] = 3387
BGC1hit[4] hit = 278374, FGC1hit[4] = 3
BGC1hit[5] hit = 97637, FGC1hit[5] = 0
BGC1hit[6] hit = 27022, FGC1hit[6] = 0
BGC1hit[7] hit = 7192, FGC1hit[7] = 0
BGC1hit[8] hit = 2260, FGC1hit[8] = 0
BGC1hit[9] hit = 572, FGC1hit[9] = 0
BGC1hit[10] hit = 79, FGC1hit[10] = 0
BGC1hit[11] hit = 6, FGC1hit[11] = 0
BG reelC1hit[1] hit = 1011775, FG reelC1hit[1] = 638655
BG reelC1hit[2] hit = 1391469, FG reelC1hit[2] = 94998
BG reelC1hit[3] hit = 2105406, FG reelC1hit[3] = 207901
BG reelC1hit[4] hit = 938657, FG reelC1hit[4] = 81033
BG reelC1hit[5] hit = 426998, FG reelC1hit[5] = 101878
BG reelC1hit[6] hit = 1649392, FG reelC1hit[6] = 431247
=======================整場FreeGame 倍數=======================================
FreeGame 00 = 0
FreeGame 6x = 1092, Pay = 715900, 1C1 = 26592, 2C1 = 6755, 3C1 = 548, 4C1 = 1, 5C1 = null
FreeGame 7x = 1002, Pay = 757760, 1C1 = 28875, 2C1 = 7341, 3C1 = 555, 4C1 = null, 5C1 = null
FreeGame 8x = 1351, Pay = 1155415, 1C1 = 24855, 2C1 = 6274, 3C1 = 473, 4C1 = null, 5C1 = null
FreeGame 9x = 1582, Pay = 1511295, 1C1 = 23530, 2C1 = 6102, 3C1 = 516, 4C1 = 2, 5C1 = null
FreeGame 10x = 4768, Pay = 6002295, 1C1 = 85101, 2C1 = 21332, 3C1 = 1759, 4C1 = 3, 5C1 = null
FreeGame 15x = 6022, Pay = 10570855, 1C1 = 63622, 2C1 = 16377, 3C1 = 1304, 4C1 = 3, 5C1 = null
FreeGame 20x = 6441, Pay = 14526855, 1C1 = 48556, 2C1 = 12352, 3C1 = 1026, 4C1 = null, 5C1 = null
FreeGame 25x = 6694, Pay = 18449050, 1C1 = 39737, 2C1 = 9975, 3C1 = 770, 4C1 = 1, 5C1 = null
FreeGame 30x = 5120, Pay = 16658765, 1C1 = 28762, 2C1 = 7216, 3C1 = 602, 4C1 = null, 5C1 = null
FreeGame 35x = 4555, Pay = 17092395, 1C1 = 23120, 2C1 = 5889, 3C1 = 502, 4C1 = null, 5C1 = null
FreeGame 40x = 2662, Pay = 11312470, 1C1 = 14779, 2C1 = 3829, 3C1 = 335, 4C1 = null, 5C1 = null
FreeGame 45x = 2128, Pay = 10117220, 1C1 = 11957, 2C1 = 3050, 3C1 = 257, 4C1 = 1, 5C1 = null
FreeGame 50x = 3563, Pay = 19601730, 1C1 = 18228, 2C1 = 4714, 3C1 = 402, 4C1 = 1, 5C1 = null
FreeGame 60x = 2028, Pay = 13169025, 1C1 = 10823, 2C1 = 2798, 3C1 = 233, 4C1 = null, 5C1 = null
FreeGame 70x = 1507, Pay = 11299715, 1C1 = 8090, 2C1 = 2040, 3C1 = 194, 4C1 = 1, 5C1 = null
FreeGame 80x = 870, Pay = 7392420, 1C1 = 5166, 2C1 = 1309, 3C1 = 117, 4C1 = 1, 5C1 = null
FreeGame 90x = 943, Pay = 8950940, 1C1 = 4767, 2C1 = 1254, 3C1 = 98, 4C1 = null, 5C1 = null
FreeGame 100x = 533, Pay = 5866875, 1C1 = 4353, 2C1 = 1169, 3C1 = 121, 4C1 = null, 5C1 = null
FreeGame 120x = 550, Pay = 7136255, 1C1 = 3829, 2C1 = 972, 3C1 = 76, 4C1 = null, 5C1 = null
FreeGame 140x = 360, Pay = 5383710, 1C1 = 2527, 2C1 = 703, 3C1 = 51, 4C1 = null, 5C1 = null
FreeGame 160x = 361, Pay = 6130570, 1C1 = 2205, 2C1 = 602, 3C1 = 65, 4C1 = null, 5C1 = null
FreeGame 180x = 363, Pay = 6891290, 1C1 = 2011, 2C1 = 507, 3C1 = 55, 4C1 = null, 5C1 = null
FreeGame 200x = 168, Pay = 3730010, 1C1 = 1702, 2C1 = 460, 3C1 = 50, 4C1 = null, 5C1 = null
FreeGame 250x = 152, Pay = 4148785, 1C1 = 1145, 2C1 = 301, 3C1 = 28, 4C1 = null, 5C1 = null
FreeGame 300x = 282, Pay = 9136720, 1C1 = 1609, 2C1 = 470, 3C1 = 48, 4C1 = 1, 5C1 = null
FreeGame 350x = 187, Pay = 6986805, 1C1 = 1178, 2C1 = 291, 3C1 = 40, 4C1 = null, 5C1 = null
FreeGame 400x = 183, Pay = 7789065, 1C1 = 1145, 2C1 = 315, 3C1 = 37, 4C1 = 1, 5C1 = null
FreeGame 450x = 153, Pay = 7245070, 1C1 = 933, 2C1 = 263, 3C1 = 23, 4C1 = null, 5C1 = null
FGBasePay = 52428390
=======================FreeGame 單round 倍數=======================================
FreeOneRound 0x = 39325, Pay = 1737315
FreeOneRound 1x = 18736, Pay = 2957020
FreeOneRound 2x = 14132, Pay = 3646145
FreeOneRound 3x = 12268, Pay = 4440215
FreeOneRound 4x = 10716, Pay = 4911185
FreeOneRound 5x = 10257, Pay = 5784655
FreeOneRound 6x = 7539, Pay = 4958865
FreeOneRound 7x = 8284, Pay = 6268485
FreeOneRound 8x = 6640, Pay = 5699335
FreeOneRound 9x = 5994, Pay = 5765090
FreeOneRound 10x = 22415, Pay = 27775130
FreeOneRound 15x = 14408, Pay = 25123875
FreeOneRound 20x = 9103, Pay = 20426020
FreeOneRound 25x = 5905, Pay = 16196770
FreeOneRound 30x = 3975, Pay = 12887155
FreeOneRound 35x = 2785, Pay = 10424235
FreeOneRound 40x = 1941, Pay = 8237180
FreeOneRound 45x = 1528, Pay = 7257610
FreeOneRound 50x = 2000, Pay = 10928530
FreeOneRound 60x = 1221, Pay = 7896350
FreeOneRound 70x = 855, Pay = 6381260
FreeOneRound 80x = 582, Pay = 4937085
FreeOneRound 90x = 409, Pay = 3892240
FreeOneRound 100x = 602, Pay = 6570955
FreeOneRound 120x = 401, Pay = 5188820
FreeOneRound 140x = 279, Pay = 4198015
FreeOneRound 160x = 176, Pay = 2979030
FreeOneRound 180x = 116, Pay = 2202725
FreeOneRound 200x = 197, Pay = 4392075
FreeOneRound 250x = 95, Pay = 2601690
FreeOneRound 300x = 48, Pay = 1542095
FreeOneRound 350x = 30, Pay = 1135760
FreeOneRound 400x = 8, Pay = 339365
FreeOneRound 450x = 1, Pay = 46980
=======================整場freeGame 初始10X球倍數=======================================
=======================整場freeGame 初始無10X球倍數=======================================
=======================FreeGame RNG INFO=======================================
Free Game RNG[10x] = [998192149, 102292086, 238, 337, 227, 92, 425, 591, 43, 226, 231, 231, 29, 3, 4, 194, 223, 225, 174, 229, 78, 109, 144, 8, 126, 92, 0, 174, 188, 154, 46, 3, 90, 95, 9, 592, 95, 130, 172, 70, 127, 264, 6554329708, 876, 779, 3, 0, 0, 0, 2, 2, 1, 0, 3, 4, 0, 30, 2, 8, 74, 45, 25, 3, 4, 20, 53, 33, 894162937, 40, 14, 2, 0, 8, 44, 73, 12, 0, 8, 19, 9, 26, 28, 33, 4, 16, 13, 12, 37, 69, 9, 36, 38, 9, 4, 17, 112, 83, 9236500151, 3, 26, 34, 5, 16, 8, 34, 25, 8734131480, 1, 1, 13, 51, 3, 5, 58, 19, 52, 60, 1, 38, 401, 45, 8, 10, 22, 25, 3, 29, 8, 62, 29, 316, 0, 1, 29, 20, 11, 1070539283, 46, 14, 21, 5, 0, 47, 9, 1128700067]
Free Game RNG[20x] = [994542059, 481064713, 688, 339, 127, 336, 614, 200, 365, 0, 163, 133, 0, 61, 185, 139, 60, 175, 384, 4, 98, 84, 34, 121, 102, 799, 2, 0, 0, 103, 144, 4, 45, 68, 67, 157, 73, 106, 54, 91, 102, 101, 7, 0, 79, 5, 12, 19, 4, 204, 229, 109, 250, 33, 0, 133, 86, 104, 4065750462, 1201, 627, 2, 0, 0, 0, 2, 6, 3, 3, 2, 2, 1, 0, 6, 11, 0, 0, 0, 43, 18, 5552287451, 6, 6, 15, 15, 13, 19, 58, 35, 14, 1, 15, 10, 27, 20, 1, 7, 10, 44, 0, 2, 97, 28, 3, 0, 46, 12, 17, 37, 21, 0, 3, 14, 36, 72, 4415029055, 37, 3, 13, 13, 6, 9, 60, 8045541362, 0, 42, 4, 16, 22, 13, 107, 48, 8450824628, 9, 0, 0, 1, 9, 33, 58, 3668186474, 53, 10, 10, 18, 4, 30, 21, 5, 5, 6, 12, 5, 6, 16, 3, 0, 9, 38, 7, 3, 15, 60, 17, 105, 14, 5, 46, 3, 64, 36, 7, 55, 19, 39, 25, 16, 24, 17, 10, 23, 34, 106, 249, 159, 229, 79, 131, 249, 0, 4, 24, 10, 77, 60, 8219922592, 28, 9, 12, 1, 15, 32, 21, 48, 5, 3, 11, 1, 33, 58]
Free Game RNG[30x] = [996842396, 689745810, 296, 255, 108, 235, 383, 447, 178, 3, 0, 117, 128, 297, 946, 6, 186, 25, 95, 288, 208, 232, 3, 297, 176, 300, 82, 64, 88, 1, 7, 2, 21, 0, 419, 0, 136, 6, 4, 171, 70, 298, 9144466982, 1383, 124, 1, 0, 0, 0, 3, 0, 0, 0, 12, 16, 7, 15, 13, 18, 13, 36, 4, 4, 12, 9, 20, 18, 6, 2, 14, 12, 0, 49, 57, 5161419498, 2, 2, 18, 32, 1, 6, 2, 24, 97, 106, 24, 47, 12, 26, 171, 35, 26, 9, 24, 5, 9, 6, 3, 13, 18, 4, 19, 14, 8056059481, 2, 8, 18, 26, 33, 17, 107, 58, 3, 20, 14, 45, 67, 109, 33, 186, 47, 47, 13, 0, 31, 6992234026, 55, 12, 12, 14, 11, 47, 31, 14, 14, 4, 3, 9, 26, 38, 36, 8, 6, 2, 18, 4712228298, 3, 9, 4, 1, 12, 7, 87, 47, 76, 79, 5, 7, 11, 25, 51, 20, 4, 37, 19, 997, 1104237618]
Free Game RNG[40x] = [995627217, 727580485, 777, 356, 289, 200, 363, 19, 124, 43, 34, 56, 305, 205, 105, 234, 102, 16, 119, 24, 1, 53, 198, 101, 211, 104, 160, 166, 165, 33, 42, 4, 211, 114, 242, 1, 5, 1, 113, 106, 28, 23, 205, 11, 104, 56, 1, 191, 190, 91, 38, 48, 58, 58, 138, 6, 20, 108, 2, 6, 5963501919, 622, 657, 1, 1, 1, 0, 3, 0, 1, 0, 52, 15, 16, 11, 13, 35, 26, 22, 35, 19, 39, 3, 61, 72, 61, 130, 280, 375, 81, 25, 15, 13, 14, 9, 13, 14, 40, 6273287071, 0, 14, 11, 18, 28, 10, 57, 2, 57, 64, 21, 28, 21, 82, 67, 13, 12, 38, 51, 4, 16, 17, 18, 11, 5, 21, 3488208039, 12, 1, 7, 0, 15, 25, 77, 2439591318, 4, 17, 18, 0, 4, 17, 23, 33, 34, 24, 20, 27, 58, 51, 67, 14, 3, 1, 5, 7, 11, 8932226751, 7, 17, 39, 32, 20, 6, 43, 1, 23, 22, 16, 35, 1, 2, 4, 25, 11, 4, 57, 33, 15, 34, 22, 43, 336, 48, 16, 8, 44, 0, 28, 11, 75, 42, 74, 3482270056]
Free Game RNG[50x] = [995123364, 777756070, 495, 124, 265, 130, 412, 346, 290, 78, 233, 304, 353, 632, 5, 3, 49, 159, 20, 235, 194, 60, 72, 34, 32, 88, 975, 3, 117, 58, 158, 95, 4, 7, 166, 55, 139, 178, 8, 30, 149, 3, 68, 28, 15, 36, 106, 0, 144, 17, 19, 87, 36, 3348502744, 855, 452, 1, 2, 0, 0, 5, 4, 1, 0, 1, 0, 66, 2, 12, 9, 4, 25, 73, 2, 12, 2, 39, 10, 7, 112, 42, 5, 20, 40, 0, 34, 10, 15, 42, 28, 6952618532, 3, 0, 5, 7, 6, 26, 30, 17, 14, 19, 15, 1, 13, 0, 26, 13, 13, 29, 37, 20, 2, 1742332737, 8, 13, 2, 33, 13, 5, 55, 76, 3, 30, 20, 21, 16, 13, 10, 3, 20, 25, 37, 2, 11, 29, 68, 31, 16, 11, 44, 46, 31, 144, 3, 49, 27, 32, 119, 30, 78, 66, 5501358811, 16, 12, 12, 13, 0, 7, 50, 5164078337, 37, 15, 4, 15, 6, 50, 74, 1, 8, 4, 14, 33, 0, 49, 42, 115, 59, 71, 57, 262, 12, 5, 50, 12, 968, 0, 0, 9, 24, 19, 81, 522, 2383689036, 34, 15, 0, 3, 10, 10, 7, 2677451537]
Free Game RNG[60x] = [996755459, 823527799, 423, 346, 71, 113, 22, 328, 278, 5, 54, 165, 296, 530, 7, 8, 146, 258, 210, 3, 167, 166, 92, 143, 90, 73, 9, 154, 512, 5, 7, 6, 89, 44, 86, 135, 118, 19, 53, 94, 1, 47, 123, 258, 5, 82, 5, 26, 0, 47, 112, 96, 40, 24, 1, 3, 8, 60, 3760026967, 435, 402, 2, 0, 1, 0, 3, 0, 1, 0, 20, 15, 12, 7, 0, 44, 11, 8795686777, 18, 4, 17, 6, 3, 45, 53, 0, 3, 8, 18, 15, 7, 111, 62, 23, 45, 27, 33, 6, 20, 61, 1, 1, 1, 32, 26, 1614829807, 27, 15, 2, 6, 13, 31, 7, 11, 40, 8, 8, 10, 10, 32, 67, 21, 4, 19, 10, 14, 19, 63, 7, 44, 17, 23, 7, 15, 61, 49, 38, 33, 29, 27, 24, 21, 28, 826, 22, 14, 59, 36, 18, 26, 35, 660, 146, 77, 22, 50, 33, 39, 100, 220, 8, 42, 41, 12, 27, 40, 20, 14, 1, 4, 12, 34, 15, 6, 63, 57, 53, 34, 26, 64, 2, 44, 27, 62, 0, 14, 39, 25, 8, 25, 27, 343, 0, 17, 5, 71, 16, 55, 52]
Free Game RNG[70x] = [995761159, 882377286, 187, 273, 116, 247, 538, 262, 416, 1, 69, 63, 4, 243, 334, 186, 706, 1, 126, 100, 97, 1, 211, 99, 71, 85, 7, 14, 592, 1406007149, 1088, 317, 0, 0, 0, 0, 0, 0, 1, 0, 2, 12, 2, 2, 12, 0, 28, 19, 37, 29, 39, 11, 57, 49, 29, 1, 19, 0, 7, 41, 1, 3212144603, 58, 5, 13, 9, 8, 3, 50, 8, 5, 37, 0, 42, 1, 8, 3, 2, 21, 8, 34, 5, 6, 91, 9, 20, 6, 1, 15, 28, 5, 24, 74, 598, 2628952211, 34, 8, 7, 6, 3, 0, 76, 36, 5, 2, 13, 12, 41, 55, 12, 27, 8, 12, 65, 6, 11, 22, 16, 31, 6, 56, 44, 195, 32, 18, 4, 35, 91, 16, 32, 389, 429, 1, 36, 13, 119, 59, 869, 35, 5, 43, 29, 18, 121, 275, 2765134994, 2, 2, 14, 18, 6, 6, 21, 4, 62, 38, 39, 37, 47, 6, 12, 34, 54, 0]
Free Game RNG[80x] = [997736947, 908644597, 422, 48, 56, 240, 278, 552, 436, 0, 183, 334, 990, 190, 86, 332, 248, 222, 0, 14, 122, 91, 15, 69, 7, 2, 5, 121, 123, 201, 160, 130, 103, 120, 54, 113, 114, 187, 2, 0, 2, 132, 165, 102, 3, 8852928001, 300, 476, 3, 2, 1, 0, 0, 2, 0, 0, 3, 14, 3, 32, 10, 7, 83, 54, 84, 116, 44, 20, 13, 19, 110, 1, 2, 11, 28, 2, 5, 1, 19, 35, 3, 12, 17, 5, 16, 47, 3, 5, 5, 5, 4, 28, 40, 4, 0, 1, 35, 30, 134, 122, 40, 3, 10, 9, 8, 38, 36, 17, 3, 6, 14, 8, 42, 7, 3182150338, 1, 39, 35, 1, 25, 14, 10, 25, 31, 27, 25, 47, 19, 24, 13, 12, 6, 53, 16, 8465390002, 1, 7, 15, 9, 23, 1, 82, 24, 16, 117, 5, 31, 436, 18, 6, 26, 122, 7483730598, 2, 21, 22, 19, 9, 10, 9, 79, 19, 5, 32, 11, 28, 40, 138, 73, 13, 43, 0, 40, 44, 9, 2, 756, 5160808736]
Free Game RNG[90x] = [995757891, 935891381, 670, 341, 30, 192, 85, 342, 453, 1891485909, 473, 144, 0, 1, 1, 0, 0, 2, 0, 0, 24, 16, 16, 8, 1, 4, 53, 25, 4, 3, 16, 4, 5, 60, 0, 6, 12, 26, 18, 0, 77, 44, 57, 8, 0, 11, 11, 32, 8110323707, 28, 10, 7, 10, 5, 13, 54, 2, 10, 10, 16, 0, 21, 63, 138035865, 8, 29, 7, 8, 28, 2, 60, 29, 17, 293, 16, 32, 16, 42, 89, 327, 1, 27, 48, 16, 37, 37, 29, 102, 381, 424, 606, 7295689774, 3, 8, 8, 34, 26, 8, 78, 23, 7, 25, 59, 35, 34, 28, 37, 31, 1, 52, 50, 11, 47, 13, 336, 0, 1, 10, 14, 4187667280, 2, 39, 27, 38, 5, 12, 76, 47, 17, 25, 19, 42, 15, 23, 11, 54, 26, 17, 116, 161, 515, 330, 250, 69, 30, 79, 308, 104, 301, 59, 34, 37, 114]
Free Game RNG[100x] = [995983796, 976816751, 719, 235, 175, 192, 126, 276, 198, 159, 46, 80, 33, 184, 260, 364, 46, 6, 0, 279, 254, 82, 68, 217, 81, 144, 225, 121, 43, 1, 657, 7, 5, 176, 35, 3, 124, 125, 154, 90, 19, 14, 10, 5, 2, 26, 164, 118, 122, 105, 64, 166, 55, 81, 148, 150, 158, 38, 15, 101, 6399415809, 1381, 206, 3, 1, 0, 0, 2, 2, 0, 0, 1, 11, 0, 4, 4, 8, 12, 61, 104, 18, 67, 16, 18, 0, 2, 0, 30, 0, 0, 14, 16, 7, 15, 7, 28, 2, 0, 1, 17, 277, 56, 167, 334, 362, 1, 35, 27, 39, 7034645557, 46, 3, 4, 16, 7, 2, 73, 61, 10, 21, 19, 9, 29, 9, 58, 4, 19, 1, 14, 37, 35, 2, 12, 14, 2, 6, 8, 96, 61, 4, 43, 93, 53, 50, 44, 63, 490, 332, 3, 22, 14, 33, 57, 3, 20, 0, 0, 12, 17, 5, 4, 4, 8, 18, 14, 33, 88, 22, 0, 0, 1, 20, 13, 0, 1, 11, 60, 10, 57, 121, 809, 0, 0, 0, 0, 0, 1, 7, 7, 6, 39, 37, 39, 17, 13, 498, 6854559135, 10, 0, 24, 15, 30, 6, 5, 34, 6, 8, 14, 50, 120, 122, 123, 217, 94, 272, 35, 21, 0, 25, 25, 509, 3, 47, 10, 26, 106, 66, 104, 3223444910, 49, 11, 17, 3, 12, 41, 16, 17, 8, 38, 21, 59, 60, 16, 13, 18, 7, 32, 33]
Free Game RNG[200x] = [999316905, 981681323, 235, 503, 251, 377, 33, 346, 370, 7, 1, 117, 320, 2995158789, 677, 334, 0, 1, 0, 0, 0, 0, 1, 0, 58, 2, 21, 14, 12, 43, 58, 43, 8, 3, 8, 9, 33, 22, 2, 7, 21, 6, 6, 39, 32, 2, 6, 9, 28, 3, 1, 25, 36, 18, 71, 5, 46, 3, 18, 14, 4000492915, 12, 11, 6, 0, 7, 7, 16, 8031308201, 0, 2, 20, 30, 20, 8, 25, 65, 21, 21, 57, 45, 13, 62, 750, 32, 68, 26, 21, 18, 4, 6, 57, 2, 9, 99, 339, 0, 11, 8, 15, 4, 17, 11, 4, 10, 12, 35, 16, 79, 261, 1, 0, 0, 23, 7, 32, 5775381566, 12, 28, 1, 5, 17, 5, 91, 20, 15, 21, 33, 19, 0, 18, 8, 28, 7007966922, 52, 577, 1, 1, 0, 0, 1, 1, 1, 0, 2, 27, 39, 27, 13, 2, 66, 4, 117, 19, 15, 27, 55, 130, 116, 148, 466, 55, 16, 7, 15, 18, 30, 9173972798, 43, 11, 15, 1, 1, 46, 29, 1, 12, 9, 18, 9, 31, 4, 39, 0, 7, 14, 9, 24, 73, 1, 0, 10, 50, 27, 5, 101, 31, 10, 22, 109, 1, 9, 48, 46, 3, 957, 15, 25, 24, 19, 7, 1, 728, 4040636373, 0, 2, 13, 31, 14, 5, 62, 21, 40, 87, 46, 20, 17, 65, 2, 12, 36, 8, 15, 5, 32, 46, 13, 12, 21, 14, 9, 18, 2, 12, 15, 15, 73, 59, 28, 17, 30, 7, 41, 40, 353, 44, 35, 36, 37, 6, 18, 16, 28, 16, 209, 30, 47, 29, 4064922240, 9, 0, 4, 2, 34, 9, 108, 44, 9, 20, 8, 17, 1, 49, 11, 28, 11, 33, 47, 312, 52, 264, 84, 38, 104, 374, 291, 115, 44, 12, 29, 60, 50, 9, 3, 140, 44, 18, 38, 2401256701, 23, 9, 5, 17, 3, 1, 75]
Free Game RNG[300x] = [996265777, 987364737, 125, 209, 63, 299, 119, 99, 266, 0, 81, 4, 236, 88, 6, 185, 140, 358, 38, 840, 8, 171, 4, 45, 130, 50, 134, 93, 2, 76, 0, 3, 80, 26, 20, 19, 0, 50, 93, 96, 120, 29, 78, 111, 73, 1501085970, 1586, 472, 3, 2, 1, 0, 3, 2, 1, 0, 2, 6, 7, 7, 2, 7, 32, 47, 23, 89, 59, 51, 683, 5, 19, 55, 21, 21, 15, 12, 1, 7, 24, 35, 4, 10, 33, 0, 0, 0, 1, 0, 10, 8, 37, 43, 162, 77, 192, 910, 0, 0, 1, 4, 25, 3, 74, 240, 4977903895, 40, 0, 6, 11, 13, 43, 17, 64, 9, 14, 8, 3, 15, 29, 50, 10, 20, 10, 5, 12, 36, 9, 24, 24, 17, 10, 7, 75, 32, 293, 273, 33, 7, 34, 46, 58, 15, 100, 50, 306, 659, 7, 48, 13, 9, 34, 16, 23, 23, 86, 349, 283, 11, 16, 44, 38, 2499043733, 3, 15, 41, 12, 14, 14, 65, 67, 4, 11, 2, 18, 6, 54, 8, 31, 6, 35, 4, 17, 100, 39, 60, 38, 25, 7758746489, 43, 0, 8, 18, 2, 14, 20, 7, 0, 11, 1, 8, 28, 65]
Free Game RNG[400x] = [999417550, 999675956, 234, 296, 166, 325, 110, 425, 247, 7, 6, 83, 243, 118, 150, 194, 33, 65, 4, 3, 232, 4, 225, 958, 107, 194, 73, 126, 82, 82, 112, 7271510641, 902, 589, 2, 0, 0, 0, 0, 2, 1, 0, 47, 5, 21, 9, 8, 9, 64, 7685872630, 10, 13, 16, 13, 13, 48, 30, 13, 13, 16, 4, 15, 38, 58, 5874142066, 2, 8, 17, 29, 19, 4, 33, 37, 104, 70, 42, 24, 648, 7, 12, 57, 12, 342, 361, 173, 120, 359, 623, 5, 7, 4, 19, 10, 25, 27, 39, 55, 0, 1, 0, 23, 14, 36, 9308092497, 52, 16, 12, 19, 14, 28, 75, 12, 6, 33, 7, 7, 1, 15, 70, 0, 28, 5, 17, 8, 33, 38, 3, 60, 75, 77, 100, 319, 30, 56, 35, 46, 11, 31, 252, 45, 43, 62, 127, 125, 20, 7, 14, 26, 28, 350, 166, 546, 8126510186, 2, 7, 33, 13, 19, 16, 34, 80, 23, 14, 28, 28, 16, 32, 57, 31, 30, 26, 6, 3, 11, 8, 0, 2, 5, 109, 46, 92, 81, 55, 59, 240, 7, 12, 24, 1, 29, 6, 6, 15, 2, 7, 35, 25, 416, 0, 0, 0, 0, 0, 0, 0, 26, 31, 21, 12, 28, 9, 58, 189, 60, 188, 0, 0, 0, 0, 0, 60, 600, 2018568424]
Free Game RNG[500x] = [997144031, 999129505, 298, 210, 163, 333, 352, 306, 113, 28, 5, 92, 19, 28, 271, 43, 57, 49, 104, 12, 124, 48, 89, 1, 176, 160, 2, 3, 220, 187, 31, 19, 48, 43, 42, 9699741078, 7, 214, 0, 0, 1, 0, 2, 0, 0, 0, 47, 14, 10, 16, 11, 3, 11, 16, 14, 12, 18, 0, 43, 52, 9461661525, 2, 9, 13, 39, 30, 2, 86, 33, 78, 56, 50, 63, 48, 71, 10, 13, 78, 21, 24, 43, 24, 2, 8, 0, 5, 109, 88, 173, 172, 40, 273, 882, 0, 0, 0, 1, 1, 20, 24, 31, 31, 384, 0, 0, 1, 11, 8930439365, 45, 6, 2, 0, 4, 15, 72, 3, 16, 13, 32, 17, 12, 53, 23, 26, 52, 29, 38, 965, 52, 17, 18, 28, 17, 30, 11, 24, 0, 19, 24, 21, 17, 19, 9, 15, 31, 234, 400, 9495312539, 47, 0, 19, 7, 8, 46, 46, 26, 5, 23, 36, 60, 17, 17, 0, 9, 14, 25, 16, 8, 5, 57, 67, 60, 9, 63, 65, 39, 324947478, 4, 44, 32, 2, 28, 0, 131, 83, 18, 11, 24, 7, 18, 9, 25, 2, 29, 118, 508, 302, 440, 221, 33, 29, 39, 2, 69, 412, 186, 64, 44, 64, 47, 22, 137, 982, 5470685700]
=======================FreeGame C1 RNG INFO=======================================
Free Game C1[3] = [995123364, 777756070, 495, 124, 265, 130, 412, 346, 290, 78, 233, 304, 353, 632, 5, 3, 49, 159, 20, 235, 194, 60, 72, 34, 32, 88, 975, 3, 117, 58, 158, 95, 4, 7, 166, 55, 139, 178, 8, 30, 149, 3, 68, 28, 15, 36, 106, 0, 144, 17, 19, 87, 36, 3348502744, 855, 452, 1, 2, 0, 0, 5, 4, 1, 0, 1, 0, 66, 2, 12, 9, 4, 25, 73, 2, 12, 2, 39, 10, 7, 112, 42, 5, 20, 40, 0, 34, 10, 15, 42, 28, 6952618532, 3, 0, 5, 7, 6, 26, 30, 17, 14, 19, 15, 1, 13, 0, 26, 13, 13, 29, 37, 20, 2, 1742332737, 8, 13, 2, 33, 13, 5, 55, 76, 3, 30, 20, 21, 16, 13, 10, 3, 20, 25, 37, 2, 11, 29, 68, 31, 16, 11, 44, 46, 31, 144, 3, 49, 27, 32, 119, 30, 78, 66, 5501358811, 16, 12, 12, 13, 0, 7, 50, 5164078337, 37, 15, 4, 15, 6, 50, 74, 1, 8, 4, 14, 33, 0, 49, 42, 115, 59, 71, 57, 262, 12, 5, 50, 12, 968, 0, 0, 9, 24, 19, 81, 522, 2383689036, 34, 15, 0, 3, 10, 10, 7, 2677451537]
Free Game C1[4] = [996202632, 909501512, 270, 28, 161, 70, 229, 186, 168, 185, 51, 316, 249, 5, 31, 93, 209, 3, 84, 23, 778, 130, 18, 161, 13, 148, 94, 126, 62, 58, 58, 112, 39, 101, 32, 114, 7, 133, 167, 12, 0, 0, 2, 88, 101, 28, 205, 98, 27, 90, 40, 0, 17, 47, 662, 9035732293, 1768, 673, 1, 2, 0, 0, 3, 0, 0, 0, 22, 4, 2, 9, 8, 26, 5, 0, 10, 12, 40, 27, 6, 60, 7, 30, 29, 33, 55, 51, 79, 44, 24, 5, 26, 6243191817, 10, 14, 2, 6, 2, 25, 19, 44, 1, 14, 4, 0, 10, 26, 579920300, 1068, 168, 2, 1, 0, 0, 2, 2, 0, 0, 7, 7, 14, 34, 25, 14, 7, 70, 21, 9, 5, 18, 157, 34, 14, 23, 8, 31, 30, 29, 31, 4, 35, 32, 118, 582, 98892529, 4, 16, 9, 15, 15, 46, 0, 34, 4, 18, 14, 4, 12, 46, 12, 34, 15, 31, 5, 0, 50, 36, 8, 32, 26, 12, 31, 55, 48, 164, 264, 508, 22, 20, 7, 46, 6374429500, 59, 3, 8, 1, 1, 18, 4, 52, 8, 15, 9, 2, 22, 62, 31, 9, 50, 39, 63, 23, 4, 8, 6, 9, 4, 35, 1, 1, 6, 28, 32, 6, 103, 35, 67, 42, 30, 58, 59, 41, 33, 56, 1, 3, 15, 22, 27, 6, 20, 45, 0, 47, 31, 36, 1, 46, 63, 92, 4, 34, 37, 7, 24, 15, 79, 12, 809601467, 21, 10, 15, 0, 3, 4, 25, 35, 3, 10, 10, 12, 38, 28]
=======================整場TopUpGame 倍數=======================================
=======================by Game Data=======================================
BG_HitFG_C1Count[0] = 7918
BG_HitFG_C1Count[1] = 17308
BG_HitFG_C1Count[2] = 12582
BG_HitFG_C1Count[3] = 5825
BG_HitFG_C1Count[4] = 11616
BG_HitFG_C1Count[5] = 365
BG_HitFG_C1Count[6] = 6
BG_eliminateSymbolHit[10][2] = 1029817
BG_eliminateSymbolHit[10][3] = 386872
BG_eliminateSymbolHit[10][4] = 217100
BG_eliminateSymbolHit[10][5] = 129321
BG_eliminateSymbolHit[11][2] = 532941
BG_eliminateSymbolHit[11][3] = 444175
BG_eliminateSymbolHit[11][4] = 132646
BG_eliminateSymbolHit[11][5] = 81517
BG_eliminateSymbolHit[2][2] = 486278
BG_eliminateSymbolHit[2][3] = 264243
BG_eliminateSymbolHit[2][4] = 193177
BG_eliminateSymbolHit[2][5] = 126763
BG_eliminateSymbolHit[3][2] = 406115
BG_eliminateSymbolHit[3][3] = 220485
BG_eliminateSymbolHit[3][4] = 85764
BG_eliminateSymbolHit[3][5] = 65843
BG_eliminateSymbolHit[4][2] = 691372
BG_eliminateSymbolHit[4][3] = 241952
BG_eliminateSymbolHit[4][4] = 118212
BG_eliminateSymbolHit[4][5] = 102981
BG_eliminateSymbolHit[5][2] = 486256
BG_eliminateSymbolHit[5][3] = 247286
BG_eliminateSymbolHit[5][4] = 55733
BG_eliminateSymbolHit[5][5] = 30349
BG_eliminateSymbolHit[6][2] = 584681
BG_eliminateSymbolHit[6][3] = 356695
BG_eliminateSymbolHit[6][4] = 87445
BG_eliminateSymbolHit[6][5] = 56717
BG_eliminateSymbolHit[7][2] = 649672
BG_eliminateSymbolHit[7][3] = 157040
BG_eliminateSymbolHit[7][4] = 69466
BG_eliminateSymbolHit[7][5] = 82180
BG_eliminateSymbolHit[8][2] = 591898
BG_eliminateSymbolHit[8][3] = 319028
BG_eliminateSymbolHit[8][4] = 85471
BG_eliminateSymbolHit[8][5] = 78564
BG_eliminateSymbolHit[9][2] = 765957
BG_eliminateSymbolHit[9][3] = 565510
BG_eliminateSymbolHit[9][4] = 257183
BG_eliminateSymbolHit[9][5] = 126630
BaseGameCombo[0] = 6226224
BaseGameCombo[10] = 4
BaseGameCombo[1] = 2282859
BaseGameCombo[2] = 700351
BaseGameCombo[3] = 363209
BaseGameCombo[4] = 256480
BaseGameCombo[5] = 124926
BaseGameCombo[6] = 36867
BaseGameCombo[7] = 7735
BaseGameCombo[8] = 1235
BaseGameCombo[9] = 110
FG_MaxMultiplier[10] = 4255
FG_MaxMultiplier[11] = 2216
FG_MaxMultiplier[12] = 1110
FG_MaxMultiplier[13] = 529
FG_MaxMultiplier[14] = 294
FG_MaxMultiplier[15] = 225
FG_MaxMultiplier[16] = 148
FG_MaxMultiplier[17] = 154
FG_MaxMultiplier[18] = 109
FG_MaxMultiplier[19] = 132
FG_MaxMultiplier[20] = 81
FG_MaxMultiplier[21] = 91
FG_MaxMultiplier[22] = 60
FG_MaxMultiplier[23] = 39
FG_MaxMultiplier[24] = 27
FG_MaxMultiplier[25] = 27
FG_MaxMultiplier[26] = 12
FG_MaxMultiplier[27] = 7
FG_MaxMultiplier[28] = 6
FG_MaxMultiplier[29] = 2
FG_MaxMultiplier[30] = 2
FG_MaxMultiplier[31] = 1
FG_MaxMultiplier[32] = 1
FG_MaxMultiplier[3] = 218
FG_MaxMultiplier[4] = 1727
FG_MaxMultiplier[5] = 5453
FG_MaxMultiplier[6] = 9573
FG_MaxMultiplier[7] = 11638
FG_MaxMultiplier[8] = 10274
FG_MaxMultiplier[9] = 7209
FG_Retrigger_C1Count[0] = 141
FG_Retrigger_C1Count[1] = 606
FG_Retrigger_C1Count[2] = 584
FG_Retrigger_C1Count[3] = 184
FG_Retrigger_C1Count[4] = 3
FG_eliminateSymbolHit[10][2] = 6450
FG_eliminateSymbolHit[10][3] = 3635
FG_eliminateSymbolHit[10][4] = 1504
FG_eliminateSymbolHit[10][5] = 916
FG_eliminateSymbolHit[11][2] = 130919
FG_eliminateSymbolHit[11][3] = 36611
FG_eliminateSymbolHit[11][4] = 10324
FG_eliminateSymbolHit[11][5] = 12282
FG_eliminateSymbolHit[2][2] = 1925
FG_eliminateSymbolHit[2][3] = 1060
FG_eliminateSymbolHit[2][4] = 343
FG_eliminateSymbolHit[2][5] = 411
FG_eliminateSymbolHit[3][2] = 18895
FG_eliminateSymbolHit[3][3] = 11173
FG_eliminateSymbolHit[3][4] = 2378
FG_eliminateSymbolHit[4][2] = 89781
FG_eliminateSymbolHit[4][3] = 23142
FG_eliminateSymbolHit[4][4] = 1332
FG_eliminateSymbolHit[4][5] = 4493
FG_eliminateSymbolHit[5][2] = 13651
FG_eliminateSymbolHit[5][3] = 9588
FG_eliminateSymbolHit[5][4] = 360
FG_eliminateSymbolHit[6][2] = 67465
FG_eliminateSymbolHit[6][3] = 68380
FG_eliminateSymbolHit[6][4] = 59016
FG_eliminateSymbolHit[6][5] = 578
FG_eliminateSymbolHit[7][2] = 3395
FG_eliminateSymbolHit[7][3] = 5956
FG_eliminateSymbolHit[7][4] = 21480
FG_eliminateSymbolHit[7][5] = 19661
FG_eliminateSymbolHit[8][2] = 128936
FG_eliminateSymbolHit[8][3] = 67807
FG_eliminateSymbolHit[8][4] = 17984
FG_eliminateSymbolHit[8][5] = 45417
FG_eliminateSymbolHit[9][2] = 34189
FG_eliminateSymbolHit[9][3] = 20887
FG_eliminateSymbolHit[9][4] = 23499
FG_eliminateSymbolHit[9][5] = 39979
FreeGameCombo[0] = 274025
FreeGameCombo[1] = 77323
FreeGameCombo[2] = 79065
FreeGameCombo[3] = 28686
FreeGameCombo[4] = 15570
FreeGameCombo[5] = 1816
FreeGameCombo[6] = 498
FreeGameCombo[7] = 13
baseHaveatleast1C1 = 4831179
bgTotal = 10000000
fgHaveatleast1C1 = 255986
fgTotal = 476996
ComboRate = 5087165000
=======================RNG INFO=======================================
