version = H017192-2.0.0.0/H017194-2.0.0.0 GameID = 101004, JP optionID = 22, Coin in = 100, currency denom = 0.002000, betMultiplier = 1,feature bet = 0, denom Multiplier = 0 
TotalSpin = 10100000, TotalBet = 1010000000
=======================Total RTP=======================================
BaseGameRtp = 0.699073
ScatterRtp = 0.000000
FreeGameRtp = 0.240860
TotalRtp (excluding JP/bonus) = 0.939932
BonusJP Rtp = 0.031249
LinkJP Rtp = 0.000000
TotalRtp (including JP/bonus) = 0.971181
=======================BaseGame info=======================================
BaseGameTTLWin = 706063485
BG SymbolHit[2][2] = 502200
BG SymbolHit[2][3] = 204361
BG SymbolHit[2][4] = 106479
BG SymbolHit[2][5] = 75330
BG SymbolHit[3][2] = 2007724
BG SymbolHit[3][3] = 291980
BG SymbolHit[3][4] = 154162
BG SymbolHit[3][5] = 127219
BG SymbolHit[4][2] = 172050
BG SymbolHit[4][3] = 44644
BG SymbolHit[4][4] = 22407
BG SymbolHit[4][5] = 17009
BG SymbolHit[5][2] = 362505
BG SymbolHit[5][3] = 83164
BG SymbolHit[5][4] = 14678
BG SymbolHit[5][5] = 6659
BG SymbolHit[6][2] = 248049
BG SymbolHit[6][3] = 149568
BG SymbolHit[6][4] = 15742
BG SymbolHit[6][5] = 10457
BG SymbolHit[7][2] = 767233
BG SymbolHit[7][3] = 126977
BG SymbolHit[7][4] = 47786
BG SymbolHit[7][5] = 55513
BG SymbolHit[8][2] = 423994
BG SymbolHit[8][3] = 125215
BG SymbolHit[8][4] = 27292
BG SymbolHit[8][5] = 22250
BG SymbolHit[9][2] = 214834
BG SymbolHit[9][3] = 116647
BG SymbolHit[9][4] = 45476
BG SymbolHit[9][5] = 24331
BG SymbolHit[10][2] = 1011226
BG SymbolHit[10][3] = 331480
BG SymbolHit[10][4] = 160869
BG SymbolHit[10][5] = 93459
BG SymbolHit[11][2] = 263103
BG SymbolHit[11][3] = 174202
BG SymbolHit[11][4] = 45393
BG SymbolHit[11][5] = 27936
BG WheelTable[0] Count = 10043806
BG FeatureHit[0] = 56194
BG FeatureHit[1] = 23925
=======================FreeGame info=======================================
FreeGameTTLRound = 482050
FreeGameTTLWin = 243268325
FG SymbolHit[2][2] = 62367
FG SymbolHit[2][3] = 84119
FG SymbolHit[2][4] = 14883
FG SymbolHit[2][5] = 6396
FG SymbolHit[3][2] = 1866
FG SymbolHit[3][3] = 281
FG SymbolHit[3][4] = 87
FG SymbolHit[4][2] = 38781
FG SymbolHit[4][3] = 45358
FG SymbolHit[5][2] = 41536
FG SymbolHit[5][3] = 67143
FG SymbolHit[6][2] = 2476
FG SymbolHit[6][3] = 1931
FG SymbolHit[6][4] = 1165
FG SymbolHit[7][2] = 10632
FG SymbolHit[7][3] = 53642
FG SymbolHit[7][4] = 8215
FG SymbolHit[7][5] = 17124
FG SymbolHit[8][2] = 15545
FG SymbolHit[8][3] = 680
FG SymbolHit[8][4] = 108
FG SymbolHit[8][5] = 105
FG SymbolHit[10][2] = 6085
FG SymbolHit[10][3] = 10923
FG SymbolHit[10][4] = 2086
FG SymbolHit[10][5] = 2369
FG SymbolHit[11][2] = 95416
FG SymbolHit[11][3] = 21549
FG SymbolHit[11][4] = 33992
FG SymbolHit[11][5] = 33126
FG Wheel Table [0] Count = 285256
FG Wheel Table [1] Count = 101295
FG Wheel Table [2] Count = 95499
FG FeatureHit[0] = 1543
FG FeatureHit[1] = 1288
=======================JP info=======================================
LinkJP RTP = 0.000000
BonusJP RTP = 0.031249
JPTotalRound = 25213, avgPeriod = 400.587006
pool[1] hit = 0, ttlWin = 0, avg = 0.000000
pool[2] hit = 0, ttlWin = 0, avg = 0.000000
pool[3] hit = 1587, ttlWin = 1587000, avg = 1000, rtp = 0.007856
pool[4] hit = 23626, ttlWin = 4725200, avg = 200, rtp = 0.023392
=======================BaseGame 倍數=======================================
BaseGame 00 = 6281408
BaseGame 0x = 2333332, Pay = 103130405, 1C1 = 636914, 2C1 = 213919, 3C1 = 84203, 4C1 = 60065, 5C1 = 20395
BaseGame 1x = 522702, Pay = 79555460, 1C1 = 132030, 2C1 = 37668, 3C1 = 13427, 4C1 = 9451, 5C1 = 2745
BaseGame 2x = 262319, Pay = 66382700, 1C1 = 67544, 2C1 = 17087, 3C1 = 5936, 4C1 = 4206, 5C1 = 1162
BaseGame 3x = 200042, Pay = 70249890, 1C1 = 48319, 2C1 = 11628, 3C1 = 3891, 4C1 = 2811, 5C1 = 694
BaseGame 4x = 130253, Pay = 59102065, 1C1 = 33169, 2C1 = 7204, 3C1 = 2172, 4C1 = 1743, 5C1 = 475
BaseGame 5x = 73410, Pay = 40760780, 1C1 = 18446, 2C1 = 3918, 3C1 = 1189, 4C1 = 919, 5C1 = 223
BaseGame 6x = 53510, Pay = 34854925, 1C1 = 12807, 2C1 = 2504, 3C1 = 769, 4C1 = 592, 5C1 = 147
BaseGame 7x = 53788, Pay = 40579635, 1C1 = 12925, 2C1 = 2719, 3C1 = 712, 4C1 = 544, 5C1 = 125
BaseGame 8x = 28702, Pay = 24515020, 1C1 = 6963, 2C1 = 1352, 3C1 = 350, 4C1 = 292, 5C1 = 82
BaseGame 9x = 28343, Pay = 27001345, 1C1 = 7023, 2C1 = 1237, 3C1 = 325, 4C1 = 211, 5C1 = 52
BaseGame 10x = 50919, Pay = 62364670, 1C1 = 12012, 2C1 = 2004, 3C1 = 498, 4C1 = 387, 5C1 = 75
BaseGame 15x = 24066, Pay = 41617190, 1C1 = 5391, 2C1 = 897, 3C1 = 197, 4C1 = 135, 5C1 = 28
BaseGame 20x = 462, Pay = 1033920, 1C1 = 95, 2C1 = 11, 3C1 = 8, 4C1 = 2, 5C1 = 1
BaseGame 25x = 550, Pay = 1504710, 1C1 = 119, 2C1 = 17, 3C1 = 2, 4C1 = 2, 5C1 = null
=======================Base Game RNG INFO=======================================
Base Game RNG[10x] = [990066235, 666, 498, 15, 223, 83, 445, 150, 5, 86, 195, 274, 104, 224, 186, 141, 17, 9, 154, 65, 101, 179, 132, 111, 4, 4072467327]
Base Game RNG[20x] = [994651955, 712325308, 132, 215, 146, 363, 523, 433, 235, 175, 23, 86, 79, 53, 128, 83, 234, 425, 44, 117, 91, 8, 80, 13, 571, 5, 8, 5, 59, 104, 62, 24, 139, 69, 167, 79, 188, 50, 27, 6, 4, 13, 97, 83, 100, 66, 91, 2, 103, 1, 24, 1063094536, 586, 580, 1, 0, 0, 0, 1, 1, 3, 2, 0, 0, 50, 8, 8, 14, 1, 15, 62, 52, 15, 14, 14, 13, 2, 42, 67, 16, 15, 16, 6, 43, 12, 3, 13, 20, 34, 14, 8, 5, 52, 97, 102, 61, 40, 41, 32, 64, 51, 4, 17, 22, 22, 42, 28, 25, 910, 0, 0, 15, 5, 12, 0, 30, 244, 268, 41, 0, 0, 1, 0, 0, 0, 1, 9, 40, 11, 60, 10, 39, 3528108657, 44, 8, 9, 4, 5, 4, 36, 1018172343, 8, 16, 0, 12, 4, 20, 66, 4884607232, 2, 5, 31, 37, 34, 16, 16, 58, 27, 10, 26, 11, 40, 12, 73, 58, 0, 22, 24, 6, 11, 18, 107, 20, 6053984902, 24, 13, 20, 16, 13, 25, 6, 0, 7, 14, 40, 3, 8, 1, 67, 91, 39, 29, 42, 19, 19, 38, 30, 0, 0, 10, 16, 23, 71, 135, 54387736]
Base Game RNG[30x] = [999055773, 833354681, 274, 337, 167, 79, 33, 128, 74, 48, 7, 6, 174, 57, 227, 252, 38, 133, 5, 8, 132, 140, 92, 142, 3, 106, 78, 110, 5, 13, 17, 47, 10, 294, 1, 7, 115, 84, 175, 54, 86, 57, 24, 33, 39, 96, 4, 20, 64, 27, 2, 229, 27, 83, 79, 0, 121, 37, 144, 64, 87, 5808299259, 1725, 147, 2, 2, 0, 0, 2, 0, 1, 0, 25, 13, 14, 11, 4, 38, 37, 2, 7, 17, 28, 16, 3, 79, 24, 55, 82, 82, 100, 48, 72, 60, 42, 728, 5378214442, 56, 4, 14, 18, 7, 44, 3, 1, 13, 20, 2, 5, 46, 26, 29, 8, 23, 37, 38, 62, 41, 0, 9, 24, 22, 1, 5, 88, 31, 33, 24, 22, 120, 318, 338, 832, 37, 20, 44, 113, 19, 591, 41, 14, 18, 21, 42, 44, 347, 53, 1, 11, 13, 9, 46, 72, 8884054021, 5, 43, 5, 3, 11, 17, 39, 56, 39, 9, 30, 28, 94, 6, 1, 146, 493, 240, 14, 21, 20, 57, 45, 45, 4, 5305475641, 34, 6, 15, 3, 13, 1, 16]
Base Game RNG[40x] = [998391621, 431516710, 306, 107, 145, 22, 509, 309, 344, 6, 9, 194, 223, 117, 127, 25, 191, 192, 195, 24, 3, 93, 147, 152, 17, 213, 146, 21, 179, 819, 8, 1, 77, 43, 9, 55, 62, 99, 4, 933, 7, 192, 197, 3, 24, 9, 115, 132, 100, 72, 146, 64, 69, 923, 8, 6, 2, 2, 57, 76, 125, 100, 1257981497, 627, 246, 0, 0, 0, 0, 1, 4, 3, 2, 1, 0, 29, 15, 5, 1, 6, 36, 32, 67, 6, 3, 0, 5, 41, 34, 16, 8, 11, 5, 10, 46, 18, 1483425002, 0, 12, 11, 49, 5, 7, 68, 66, 33, 27, 10, 957, 3, 4, 38, 30, 14, 314, 556, 6728446590, 48, 7, 6, 18, 5, 10, 30, 1337750612, 5, 39, 40, 2, 19, 1, 32, 2, 12, 37, 4, 32, 7, 4, 8346513258, 4, 8, 20, 8, 26, 10, 54, 58, 3, 14, 21, 11, 28, 0, 113, 63, 95, 72, 0, 48, 34, 52, 14, 65, 36, 19, 14, 24, 45, 9, 10, 85, 0, 11, 10, 20, 9613960176, 34, 1, 12, 9, 13, 49, 28, 9644071541, 11, 15, 17, 19, 3, 34, 75]
Base Game RNG[50x] = [998724656, 37013741, 812, 337, 62, 12, 445, 164, 323, 1, 94, 9, 285, 8, 7, 5, 208, 77, 165, 80, 132, 194, 127, 296, 155, 147, 3, 124, 130, 5, 126, 106, 51, 98, 83, 33, 43, 64, 120, 95, 90, 0, 40, 145, 234, 56, 1, 62, 68, 155, 129, 139, 2, 34, 33, 5216954158, 371, 490, 1, 2, 1, 0, 0, 2, 1, 0, 47, 12, 8, 16, 5, 45, 60, 3, 2, 14, 13, 8, 6, 43, 65, 78, 27, 23, 30, 8079957470, 29, 10, 12, 10, 15, 0, 25, 39, 16, 14, 1, 5, 17, 73, 24, 13, 12, 10, 12, 18, 53, 4, 19, 41, 14, 6, 18, 88, 50, 12, 33, 17, 17, 33, 0, 9524887955, 9, 27, 7, 6, 7, 2, 49, 13, 3333134623, 2, 3, 12, 22, 33, 10, 90, 56, 91, 115, 19, 15, 0, 57, 54, 5, 44]
Base Game RNG[60x] = [995889951, 152821818, 148, 226, 162, 201, 297, 346, 8, 154, 116, 116, 180, 169, 82, 52, 160, 290, 78, 16, 191, 18, 95, 306, 3, 2, 1, 139, 3, 8, 154, 2, 158, 206, 74, 145, 98, 12, 40, 39, 134, 112, 110, 12, 84, 1, 154, 95, 24, 46, 30, 0, 99, 232, 58, 131, 8976269878, 631, 701, 3, 2, 1, 0, 3, 2, 1, 0, 0, 9, 17, 26, 13, 1, 28, 60, 22, 48, 70, 38, 972, 2314156690, 35, 15, 11, 10, 12, 0, 66, 21, 9, 19, 6, 13, 15, 45, 23, 0, 12, 13, 12, 30, 29, 3, 43, 21, 5, 27, 3, 18, 73, 10, 31, 11, 39, 30, 8, 18, 16, 12, 35, 23, 143, 112, 57, 156, 6, 13, 16, 37, 22, 5583157455, 2, 11, 7, 45, 24, 1, 4, 35, 12, 2, 14, 777, 951807538, 17, 5, 21, 3, 0, 34, 29, 1224331332]
Base Game RNG[70x] = [997620868, 816853049, 555, 17, 43, 137, 459, 576, 36, 201, 196, 124, 8, 0, 4, 138, 162, 26, 277, 105, 100, 89, 48, 6, 55, 99, 262, 71, 17, 64, 84, 110, 58, 99, 76, 57, 131, 2, 6, 187, 48, 50, 124, 109, 26, 140, 183, 173, 86, 109, 139, 5, 5, 4, 15, 50, 53, 223, 92, 29, 43, 67, 2, 168, 295, 9, 97, 4, 16, 0, 97, 37, 24, 195, 6857697390, 1754, 54, 3, 1, 0, 0, 3, 0, 1, 0, 0, 14, 2, 20, 5, 8, 93, 51, 57, 2, 67, 62, 62, 735, 21, 19, 20, 71, 103, 58, 27, 0, 0, 15, 11, 6, 159, 251, 562, 0, 0, 0, 1, 3, 37, 24, 33, 57, 170, 136, 155, 6684566619, 40, 7, 20, 4, 8, 0, 27, 4011323171, 59, 10, 17, 15, 4, 27, 8, 66, 15, 16, 3, 0, 13, 53, 562667461, 5, 33, 14, 13, 15, 11, 28, 86, 31, 31, 21, 48, 144, 125, 26, 17, 59, 52, 14, 54, 4, 33, 9, 50, 19, 8, 37, 31, 19, 20, 48, 18, 27, 4553911159, 49, 8, 3, 11, 3, 5, 6, 34, 30, 47, 147, 33, 214, 514, 10, 40, 31, 38, 4, 16, 20, 28, 20, 20, 14, 16, 49, 41, 1, 50, 8, 3, 54, 421, 550, 41, 16, 10, 6, 14, 21, 50]
Base Game RNG[80x] = [998077058, 740004584, 400, 337, 48, 83, 316, 610, 36, 109, 350, 40, 131, 0, 75, 14, 67, 37, 215, 80, 285, 84, 90, 35, 64, 24, 859, 26, 37, 13, 25, 102, 56, 1, 5, 2, 44, 4, 178, 33, 66, 175, 126, 4, 0, 5, 109, 39, 140, 164, 3248889541, 717, 104, 3, 1, 0, 0, 1, 0, 0, 0, 1, 11, 2, 20, 11, 0, 91, 60, 13, 58, 32, 45, 20, 130, 8416980969, 28, 13, 21, 12, 2, 20, 21, 4, 8, 15, 3, 2, 49, 24, 3, 38, 8, 65, 68, 29, 11, 10, 16, 1, 24, 39, 0, 0, 5, 27, 20, 5, 64, 1, 40, 118, 6, 0, 67, 11, 31, 9, 15, 55, 15, 6, 0, 28, 283, 67, 15, 13, 15, 10, 39, 63, 4, 28, 27, 34, 11, 11, 112, 3, 363, 22, 18, 29, 14, 21, 61, 88, 139, 5, 8, 14, 27, 18, 27, 41, 30, 331, 3, 1, 1, 42, 3303066089, 2, 12, 3, 5, 36, 18, 125, 19, 9, 2, 24, 20, 3, 1, 5, 21, 9739787192]
Base Game RNG[90x] = [999365785, 508255102, 376, 476, 275, 319, 226, 324, 334, 8, 4, 8, 9, 76, 628, 0, 7, 177, 98, 189, 113, 283, 236, 281, 108, 190, 76, 16, 2, 195, 60, 116, 107, 263, 240, 140, 152, 102, 13, 28, 25, 87, 5, 169, 64, 110, 69, 805, 9, 6, 38, 4, 105, 5, 89, 64, 44, 13, 470, 4, 9, 52, 111, 46, 29, 143, 37, 136, 251, 694, 11, 154, 3, 170, 980, 233872989, 1622, 175, 2, 0, 0, 0, 1, 2, 1, 0, 43, 9, 16, 11, 13, 36, 45, 58, 12, 6, 18, 10, 18, 4, 31, 1, 6, 0, 8, 36, 63, 805659605, 2, 0, 4, 12, 24, 10, 23, 38, 47, 67, 29, 347, 18, 9, 17, 27, 13, 20, 24, 2, 6, 11, 0, 39, 63, 2945313676, 2, 41, 19, 1, 29, 8, 70, 57, 21, 23, 10, 10, 25, 7, 39, 98, 101, 311169892, 12, 41, 13, 4, 9, 2, 24, 23, 11, 30, 24, 39, 25, 38, 22, 41, 148, 164, 152, 114, 37, 2, 7, 8, 10, 17, 23]
Base Game RNG[100x] = [999789754, 778516461, 130, 127, 92, 40, 445, 519, 92, 4, 98, 294, 202, 311, 292, 132, 39, 111, 45, 76, 118, 19, 20, 92, 585, 99, 264, 121, 9, 103, 71, 0, 175, 122, 617, 16, 69, 61, 4, 27, 1, 12, 16, 11, 88, 36, 74, 57, 32, 77, 11, 96, 7, 0, 6925567425, 380, 84, 0, 0, 1, 0, 3, 0, 1, 0, 44, 6, 0, 4, 10, 46, 8, 30, 25, 15, 23, 60, 52, 8548325744, 25, 12, 8, 13, 8, 1, 61, 2, 6, 14, 11, 12, 9, 29, 17, 46, 32, 6, 27, 30, 1104208380, 49, 3, 0, 14, 13, 9, 11, 495174013, 11, 23, 25, 15, 27, 2, 27, 21, 4, 33, 23, 51, 785, 19, 51, 1, 8, 23, 109, 55, 83, 262, 350, 119, 348, 124, 46, 26, 27, 128, 1657365891, 48, 2, 8, 18, 13, 11, 69, 153596177, 11, 36, 37, 8, 34, 6, 119, 5, 3933880496, 0, 10, 4, 53, 25, 9, 59, 3, 68, 46, 87, 79, 19, 39, 46, 13, 23, 21, 18, 20, 23, 26, 61, 881, 6311244375]
Base Game RNG[200x] = [999276935, 73935645, 192, 495, 275, 294, 657, 151, 317, 0, 3, 2, 243, 306, 11, 164, 252, 265, 239, 162, 155, 99, 77, 35, 80, 636, 261, 155, 115, 79, 39, 307, 5, 5, 144, 6, 135, 40, 35, 6, 54, 1, 3, 2, 42, 152, 69, 0, 64, 132, 102, 34, 162, 34, 110, 4, 9, 119, 10, 25, 55, 143, 146, 20, 71, 49, 2, 1925205883, 1088, 780, 3, 0, 0, 0, 1, 1, 1, 0, 0, 0, 3, 1, 20, 13, 20, 0, 48, 51, 104, 50, 56, 13, 58, 77, 26, 32, 22, 7793646458, 56, 8, 0, 19, 5, 34, 0, 5255682805, 19, 14, 5, 11, 14, 34, 28, 23, 3, 18, 11, 7, 9, 20, 4768101435, 61, 4, 4, 18, 12, 37, 66, 64, 2, 7, 2, 1, 17, 73, 28, 3, 2, 4, 9, 1, 49, 5813347618, 44, 7, 21, 19, 5, 18, 25, 2, 8, 2, 19, 26, 5, 77, 41, 103, 29, 6, 52, 17, 7501140000, 5, 14, 37, 25, 16, 7, 100, 7, 27, 29, 29, 29, 127, 67, 33, 305, 16, 13, 1, 2, 12, 33, 17, 4978782639]
Base Game RNG[300x] = [997889402, 10198478, 379, 14, 224, 304, 349, 371, 466, 237, 143, 302, 348, 349, 712, 5, 1, 26, 70, 11, 190, 37, 282, 61, 303, 275, 33, 33, 33, 56, 54, 1, 509, 165, 82, 31, 56, 22, 30, 20, 680, 1, 8, 33, 123, 162, 120, 143, 1, 10, 173, 54, 35, 30, 3, 80, 111, 23, 28, 63, 57, 68, 804, 76, 233, 45, 2, 18, 8140374828, 1747, 136, 2, 1, 0, 0, 5, 0, 3, 1, 0, 0, 56, 13, 9, 4, 10, 43, 45, 4432390035, 6, 1, 20, 12, 5, 6, 25, 8815644917, 65, 11, 4, 16, 10, 5, 34, 2, 8, 5, 49, 2, 6, 64, 21, 13, 2, 15, 12, 6, 12, 12, 797, 7366333147, 9, 44, 40, 29, 6, 15, 110, 82, 3, 0, 34, 4, 24, 55, 19, 27, 9328746203, 59, 15, 17, 7, 14, 2, 22, 11, 31, 27, 5, 0, 4, 23, 80, 1072281066, 60, 15, 2, 9, 13, 8, 31, 1839224683, 54, 15, 13, 4, 15, 3, 36, 8683509779, 2, 3, 9, 2, 10, 47, 26]
=======================Base Game C1 RNG INFO=======================================
Base Game C1[3] = [132141021, 475, 447, 201, 333, 617, 442, 468, 815797786]
Base Game C1[4] = [363517649, 137, 132, 30, 30, 47, 66, 89, 3809152968]
Base Game C1[5] = [163453472, 32, 397, 30, 340, 688, 363, 385, 6912797570]
Base Game C1[6] = [430605663, 158, 170, 30, 144, 70, 126, 405, 6733644777]
Base Game C1[7] = [34852156, 304, 130, 121, 2, 522, 366, 399, 7453785299]
Base Game C1[8] = [122579729, 398, 297, 35, 4, 761, 236, 273, 5812471087]
Base Game C1[9] = [868641499, 813, 295, 31, 1, 43, 362, 102, 5, 78, 107, 204, 257, 141, 135, 322, 229, 235, 58, 146, 219, 31, 144, 107, 91, 135, 245, 161, 86, 1228106938]
Base Game C1[10] = [517134421, 436, 280, 31, 3, 516, 325, 424, 7058691041]
Base Game C1[11] = [2508496, 564, 72, 34, 3, 397, 321, 91, 287817110]
BGC1hit[1] hit = 2716399, FGC1hit[1] = 172597
BGC1hit[2] hit = 961941, FGC1hit[2] = 43646
BGC1hit[3] hit = 367073, FGC1hit[3] = 3472
BGC1hit[4] hit = 281327, FGC1hit[4] = 5
BGC1hit[5] hit = 98243, FGC1hit[5] = 0
BGC1hit[6] hit = 27060, FGC1hit[6] = 0
BGC1hit[7] hit = 7184, FGC1hit[7] = 0
BGC1hit[8] hit = 2362, FGC1hit[8] = 0
BGC1hit[9] hit = 579, FGC1hit[9] = 0
BGC1hit[10] hit = 102, FGC1hit[10] = 0
BGC1hit[11] hit = 9, FGC1hit[11] = 0
BG reelC1hit[1] hit = 1019756, FG reelC1hit[1] = 647023
BG reelC1hit[2] hit = 1405407, FG reelC1hit[2] = 95703
BG reelC1hit[3] hit = 2127554, FG reelC1hit[3] = 209841
BG reelC1hit[4] hit = 946421, FG reelC1hit[4] = 81826
BG reelC1hit[5] hit = 430553, FG reelC1hit[5] = 102576
BG reelC1hit[6] hit = 1666206, FG reelC1hit[6] = 436358
=======================整場FreeGame 倍數=======================================
FreeGame 00 = 0
FreeGame 6x = 1103, Pay = 723585, 1C1 = 26272, 2C1 = 6750, 3C1 = 562, 4C1 = 1, 5C1 = null
FreeGame 7x = 1063, Pay = 802050, 1C1 = 29757, 2C1 = 7667, 3C1 = 631, 4C1 = 2, 5C1 = null
FreeGame 8x = 1293, Pay = 1103950, 1C1 = 24597, 2C1 = 6287, 3C1 = 510, 4C1 = 3, 5C1 = null
FreeGame 9x = 1665, Pay = 1587950, 1C1 = 24484, 2C1 = 6088, 3C1 = 488, 4C1 = null, 5C1 = null
FreeGame 10x = 4720, Pay = 5958525, 1C1 = 85340, 2C1 = 21729, 3C1 = 1696, 4C1 = null, 5C1 = null
FreeGame 15x = 6018, Pay = 10573740, 1C1 = 64380, 2C1 = 16160, 3C1 = 1326, 4C1 = 5, 5C1 = null
FreeGame 20x = 6329, Pay = 14268880, 1C1 = 48607, 2C1 = 12193, 3C1 = 1027, 4C1 = 2, 5C1 = null
FreeGame 25x = 6835, Pay = 18826680, 1C1 = 40670, 2C1 = 10376, 3C1 = 883, 4C1 = 1, 5C1 = null
FreeGame 30x = 5271, Pay = 17158210, 1C1 = 29005, 2C1 = 7308, 3C1 = 649, 4C1 = 1, 5C1 = null
FreeGame 35x = 4575, Pay = 17164435, 1C1 = 23596, 2C1 = 6146, 3C1 = 486, 4C1 = 1, 5C1 = null
FreeGame 40x = 2773, Pay = 11777850, 1C1 = 15513, 2C1 = 3945, 3C1 = 342, 4C1 = 2, 5C1 = null
FreeGame 45x = 2181, Pay = 10355070, 1C1 = 11940, 2C1 = 3080, 3C1 = 246, 4C1 = null, 5C1 = null
FreeGame 50x = 3577, Pay = 19658065, 1C1 = 18528, 2C1 = 4644, 3C1 = 397, 4C1 = 2, 5C1 = null
FreeGame 60x = 2104, Pay = 13662730, 1C1 = 11279, 2C1 = 2978, 3C1 = 268, 4C1 = 2, 5C1 = null
FreeGame 70x = 1546, Pay = 11590610, 1C1 = 8408, 2C1 = 2159, 3C1 = 180, 4C1 = null, 5C1 = null
FreeGame 80x = 889, Pay = 7547830, 1C1 = 4948, 2C1 = 1338, 3C1 = 107, 4C1 = null, 5C1 = null
FreeGame 90x = 913, Pay = 8669460, 1C1 = 4886, 2C1 = 1362, 3C1 = 141, 4C1 = 1, 5C1 = null
FreeGame 100x = 566, Pay = 6222155, 1C1 = 4427, 2C1 = 1150, 3C1 = 126, 4C1 = 2, 5C1 = null
FreeGame 120x = 572, Pay = 7442475, 1C1 = 3570, 2C1 = 936, 3C1 = 85, 4C1 = 2, 5C1 = null
FreeGame 140x = 367, Pay = 5479610, 1C1 = 2498, 2C1 = 665, 3C1 = 62, 4C1 = null, 5C1 = null
FreeGame 160x = 344, Pay = 5821035, 1C1 = 2081, 2C1 = 530, 3C1 = 71, 4C1 = 2, 5C1 = null
FreeGame 180x = 330, Pay = 6253560, 1C1 = 1952, 2C1 = 508, 3C1 = 57, 4C1 = null, 5C1 = null
FreeGame 200x = 162, Pay = 3617560, 1C1 = 1581, 2C1 = 425, 3C1 = 51, 4C1 = null, 5C1 = null
FreeGame 250x = 157, Pay = 4291050, 1C1 = 1292, 2C1 = 364, 3C1 = 35, 4C1 = 1, 5C1 = null
FreeGame 300x = 287, Pay = 9289455, 1C1 = 1711, 2C1 = 450, 3C1 = 70, 4C1 = 1, 5C1 = null
FreeGame 350x = 206, Pay = 7725555, 1C1 = 1263, 2C1 = 346, 3C1 = 41, 4C1 = null, 5C1 = null
FreeGame 400x = 168, Pay = 7111265, 1C1 = 991, 2C1 = 294, 3C1 = 30, 4C1 = null, 5C1 = null
FreeGame 450x = 180, Pay = 8584985, 1C1 = 1121, 2C1 = 315, 3C1 = 37, 4C1 = null, 5C1 = null
FGBasePay = 53410770
=======================FreeGame 單round 倍數=======================================
FreeOneRound 0x = 39783, Pay = 1750290
FreeOneRound 1x = 18951, Pay = 2996635
FreeOneRound 2x = 14303, Pay = 3696975
FreeOneRound 3x = 12427, Pay = 4504755
FreeOneRound 4x = 10633, Pay = 4874545
FreeOneRound 5x = 10295, Pay = 5806705
FreeOneRound 6x = 7447, Pay = 4897925
FreeOneRound 7x = 8538, Pay = 6464935
FreeOneRound 8x = 6597, Pay = 5660725
FreeOneRound 9x = 6191, Pay = 5949970
FreeOneRound 10x = 22740, Pay = 28238320
FreeOneRound 15x = 14500, Pay = 25249620
FreeOneRound 20x = 9182, Pay = 20600980
FreeOneRound 25x = 6157, Pay = 16901540
FreeOneRound 30x = 3981, Pay = 12894425
FreeOneRound 35x = 2887, Pay = 10808415
FreeOneRound 40x = 2029, Pay = 8611065
FreeOneRound 45x = 1495, Pay = 7105595
FreeOneRound 50x = 2013, Pay = 11009445
FreeOneRound 60x = 1276, Pay = 8263230
FreeOneRound 70x = 895, Pay = 6694385
FreeOneRound 80x = 551, Pay = 4661975
FreeOneRound 90x = 458, Pay = 4343750
FreeOneRound 100x = 597, Pay = 6530635
FreeOneRound 120x = 346, Pay = 4484020
FreeOneRound 140x = 260, Pay = 3897705
FreeOneRound 160x = 166, Pay = 2812070
FreeOneRound 180x = 125, Pay = 2372960
FreeOneRound 200x = 184, Pay = 4102740
FreeOneRound 250x = 128, Pay = 3494120
FreeOneRound 300x = 58, Pay = 1872930
FreeOneRound 350x = 26, Pay = 970035
FreeOneRound 400x = 12, Pay = 510270
FreeOneRound 450x = 5, Pay = 234635
=======================整場freeGame 初始10X球倍數=======================================
=======================整場freeGame 初始無10X球倍數=======================================
=======================FreeGame RNG INFO=======================================
Free Game RNG[10x] = [998779531, 260998023, 622, 150, 165, 189, 110, 568, 459, 37, 276, 278, 8, 269, 199, 204, 249, 237, 140, 50, 4, 7, 7, 26, 137, 95, 147, 30, 194, 245, 253, 4, 151, 2, 104, 73, 136, 170, 112, 201, 136, 35, 156, 394, 23, 30, 146, 82, 6727464109, 1112, 132, 1, 0, 0, 0, 1, 2, 1, 0, 22, 8, 20, 9, 12, 14, 23, 35, 9, 0, 0, 14, 27, 39, 5937090470, 7, 7, 21, 18, 13, 41, 72, 2, 13, 0, 37, 3, 5, 12, 32, 89, 55, 41, 43, 41, 26, 11, 13, 72, 106, 494, 9, 0, 18, 24, 32, 1, 18, 11, 0, 3, 0, 9263456628, 6, 42, 20, 16, 34, 11, 132, 54, 37, 31, 2, 23, 105, 132, 44, 67, 49, 47, 35, 41, 908, 246, 0, 10, 28, 20, 24, 85, 112, 5811190380, 3, 8, 7, 40, 0, 5, 97, 40, 112, 39, 1, 45, 64, 19, 40, 27, 3048166571, 49, 9, 6, 4, 9, 28, 14, 435785630]
Free Game RNG[20x] = [997571119, 227430103, 715, 43, 114, 192, 398, 341, 278, 9147179642, 1161, 749, 0, 0, 1, 0, 1, 1, 0, 0, 24, 2, 3, 1, 6, 43, 1, 16, 12, 12, 14, 13, 32, 51, 2187290095, 3, 6, 5, 19, 2, 3, 42, 67, 0, 68, 298, 27, 29, 27, 5559225072, 59, 5, 7, 15, 7, 43, 50, 3, 1, 15, 8, 13, 15, 25, 9855594989, 1, 3, 7, 18, 13, 0, 52, 29, 93, 57, 57, 13, 6, 7, 11, 706, 0, 14, 3, 26, 13, 16, 8, 19, 8, 47, 81, 83, 0, 1, 0, 22, 20, 29, 24, 206, 34, 7183003678, 0, 4, 15, 3, 13, 4, 56, 4, 30, 42, 0, 26, 1, 94, 35, 39, 26, 9, 2, 42, 9612786030]
Free Game RNG[30x] = [994815984, 525976541, 524, 183, 81, 249, 468, 438, 45, 9, 1, 46, 317, 54, 6, 89, 1, 299, 236, 0, 222, 114, 0, 372, 9143029281, 717, 670, 0, 1, 0, 0, 3, 2, 1, 0, 1, 0, 1, 5, 16, 0, 3, 15, 18, 13, 9, 2, 17, 4, 48, 70, 8456126078, 67, 12, 16, 16, 1, 48, 67, 0, 10, 17, 20, 5, 9, 13, 27, 62, 26, 67, 65, 775, 8998004456, 0, 1, 4, 10, 8, 7, 49, 7, 39, 5, 27, 41, 52, 1, 3, 5, 58, 27, 29, 27, 70, 106, 49, 210, 3996101600, 48, 13, 10, 9, 9, 22, 50, 17, 15, 16, 4, 11, 7, 15, 30, 11, 34, 22, 23, 38, 44, 5159783819, 11, 0, 11, 14, 0, 2, 57, 9249676875, 0, 20, 2, 17, 31, 11, 116, 41, 4620080050, 10, 15, 13, 23, 26, 0, 117, 13, 36, 52, 57, 9, 17, 38, 30, 48, 23, 20, 24, 17, 120, 25, 165, 158, 664, 133, 16, 8, 0, 28, 105, 18, 5, 91, 759797612]
Free Game RNG[40x] = [994651955, 712325308, 132, 215, 146, 363, 523, 433, 235, 175, 23, 86, 79, 53, 128, 83, 234, 425, 44, 117, 91, 8, 80, 13, 571, 5, 8, 5, 59, 104, 62, 24, 139, 69, 167, 79, 188, 50, 27, 6, 4, 13, 97, 83, 100, 66, 91, 2, 103, 1, 24, 1063094536, 586, 580, 1, 0, 0, 0, 1, 1, 3, 2, 0, 0, 50, 8, 8, 14, 1, 15, 62, 52, 15, 14, 14, 13, 2, 42, 67, 16, 15, 16, 6, 43, 12, 3, 13, 20, 34, 14, 8, 5, 52, 97, 102, 61, 40, 41, 32, 64, 51, 4, 17, 22, 22, 42, 28, 25, 910, 0, 0, 15, 5, 12, 0, 30, 244, 268, 41, 0, 0, 1, 0, 0, 0, 1, 9, 40, 11, 60, 10, 39, 3528108657, 44, 8, 9, 4, 5, 4, 36, 1018172343, 8, 16, 0, 12, 4, 20, 66, 4884607232, 2, 5, 31, 37, 34, 16, 16, 58, 27, 10, 26, 11, 40, 12, 73, 58, 0, 22, 24, 6, 11, 18, 107, 20, 6053984902, 24, 13, 20, 16, 13, 25, 6, 0, 7, 14, 40, 3, 8, 1, 67, 91, 39, 29, 42, 19, 19, 38, 30, 0, 0, 10, 16, 23, 71, 135, 54387736]
Free Game RNG[50x] = [999055773, 833354681, 274, 337, 167, 79, 33, 128, 74, 48, 7, 6, 174, 57, 227, 252, 38, 133, 5, 8, 132, 140, 92, 142, 3, 106, 78, 110, 5, 13, 17, 47, 10, 294, 1, 7, 115, 84, 175, 54, 86, 57, 24, 33, 39, 96, 4, 20, 64, 27, 2, 229, 27, 83, 79, 0, 121, 37, 144, 64, 87, 5808299259, 1725, 147, 2, 2, 0, 0, 2, 0, 1, 0, 25, 13, 14, 11, 4, 38, 37, 2, 7, 17, 28, 16, 3, 79, 24, 55, 82, 82, 100, 48, 72, 60, 42, 728, 5378214442, 56, 4, 14, 18, 7, 44, 3, 1, 13, 20, 2, 5, 46, 26, 29, 8, 23, 37, 38, 62, 41, 0, 9, 24, 22, 1, 5, 88, 31, 33, 24, 22, 120, 318, 338, 832, 37, 20, 44, 113, 19, 591, 41, 14, 18, 21, 42, 44, 347, 53, 1, 11, 13, 9, 46, 72, 8884054021, 5, 43, 5, 3, 11, 17, 39, 56, 39, 9, 30, 28, 94, 6, 1, 146, 493, 240, 14, 21, 20, 57, 45, 45, 4, 5305475641, 34, 6, 15, 3, 13, 1, 16]
Free Game RNG[60x] = [996793089, 813695838, 524, 339, 258, 243, 547, 282, 225, 7, 9, 38, 109, 730, 4, 3, 251, 54, 195, 10, 336, 152, 225, 184, 120, 134, 354, 3, 76, 180, 175, 60, 45, 56, 20, 3, 76, 55, 1, 95, 107, 12, 52, 359, 1948099508, 1083, 753, 3, 2, 0, 0, 3, 2, 0, 0, 1, 4, 13, 14, 7, 1, 62, 36, 2, 32, 59, 32, 4, 12, 31, 709, 9, 4, 9, 17, 13, 36, 89, 45, 46, 899, 0, 1, 1, 0, 1, 39, 40, 12, 18, 34, 513, 41, 16, 21, 11, 9, 32, 4, 61, 3, 10, 12, 9, 34, 63, 37, 4, 2, 10, 14, 34, 3, 13, 3, 10, 7, 24, 5, 35, 28, 9, 12, 28, 14, 51, 36, 707, 0, 23, 9, 12, 8, 1721870620, 1, 1, 4, 40, 0, 7, 15, 31, 63, 34, 96, 3, 0, 3, 16, 6, 52, 6, 18, 242, 560, 4209402499, 6, 8, 16, 3, 2, 32, 67, 10, 14, 8, 0, 14, 26, 15]
Free Game RNG[70x] = [999041869, 905009708, 224, 220, 32, 189, 52, 363, 364, 1851248812, 288, 145, 0, 2, 0, 0, 3, 2, 1, 0, 54, 9, 21, 6, 8, 7, 48, 2329954435, 2, 8, 21, 15, 10, 3, 101, 39, 9, 22, 23, 4666792458, 30, 7, 13, 6, 13, 22, 42, 64, 12, 15, 11, 1, 28, 27, 3, 12, 25, 14, 13, 12, 107, 55, 38, 32, 11, 12, 9, 120, 147, 18, 21, 28, 4, 3, 6, 8669661121, 13, 3, 26, 20, 36, 12, 22, 42, 32, 6, 26, 2, 33, 16, 47, 73, 38, 68, 312, 1, 48, 7, 262, 9267079888, 1, 4, 13, 16, 20, 10, 81, 41, 91, 37, 18, 34, 26, 26, 38, 30, 355, 274, 1, 12, 9, 0, 25, 13, 17, 4, 31, 63, 61, 174, 34, 262, 56, 0, 0, 0, 1, 19, 33, 41, 14, 12, 20, 2, 1612894547, 42, 2, 21, 12, 8, 22, 54]
Free Game RNG[80x] = [998634825, 909997598, 399, 222, 231, 88, 740, 114, 53, 0, 181, 144, 71, 41, 295, 282, 232, 33, 138, 197, 204, 250, 43, 153, 69, 195, 92, 184, 30, 699, 3, 73, 26, 127, 109, 2, 48, 11, 120, 105, 33, 68, 1, 33, 76, 0, 109, 0, 112, 2, 164, 120, 138, 159, 69, 147, 55, 5, 68, 119, 168, 30, 64, 35, 1334701323, 1656, 40, 3, 1, 0, 0, 1, 2, 1, 0, 1, 13, 11, 17, 24, 5, 73, 1, 25, 76, 32, 8, 19, 10, 8, 2, 0, 31, 54, 2, 20, 79, 120, 5233670751, 55, 8, 8, 15, 4, 35, 9, 56, 1, 6, 3, 11, 49, 4, 5297110865, 11, 7, 4, 0, 11, 45, 77, 48, 7, 15, 5, 9, 45, 33, 6, 27, 26, 28, 34, 0, 109, 1, 31, 13, 5, 13, 7, 27, 39, 50, 47, 43, 35, 30, 30, 4827672289, 8, 36, 28, 17, 34, 16, 20, 57, 13, 7, 23, 8, 32, 9, 141, 44, 134, 624, 347, 34, 51, 11, 45, 7, 24, 39, 21, 36, 27, 224, 421, 899, 38, 47, 24, 23, 62, 60, 37, 44, 32, 1, 16, 98, 210, 274, 8604267189, 1448, 787, 3, 1, 1, 0, 1, 1, 1, 0, 35, 0, 14, 0, 5, 11, 37, 7988332396, 3, 13, 11, 50, 21, 6, 76, 60, 54, 23, 114, 94, 12, 25, 14, 78, 73, 391, 256, 6597876184, 50, 13, 4, 9, 6, 35, 31, 54, 6, 3, 8, 11, 35, 44, 1, 1, 14, 11, 2, 45, 70, 6231854089, 24, 2, 13, 3, 15, 13, 78, 1, 5, 8, 7, 14, 6, 20, 36, 92, 28, 23, 219, 1, 32, 21, 7, 21, 12, 34, 26, 4172761697, 52, 12, 11, 6, 14, 0, 20]
Free Game RNG[90x] = [997228346, 927422420, 47, 346, 181, 54, 533, 304, 233, 30, 331, 177, 335, 990, 102, 173, 128, 220, 144, 131, 15, 128, 166, 133, 48, 97, 71, 3, 0, 97, 203, 3, 0, 180, 111, 152, 51, 145, 105, 178, 830, 4, 71, 114, 65, 19, 1, 52, 8, 70, 193, 1377624946, 1002, 608, 0, 0, 1, 0, 0, 2, 0, 0, 10, 14, 0, 13, 3, 0, 66, 5295482161, 50, 2, 2, 12, 15, 14, 62, 1, 11, 19, 3, 34, 7, 96, 59, 45, 10, 46, 91, 4, 10, 20, 12, 17, 29, 28, 16, 22, 0, 0, 9, 14, 15, 9, 7, 26, 15, 30, 5, 25, 108, 119, 1, 1, 28, 31, 8797580803, 48, 8, 8, 2, 4, 8, 9, 5323397163, 53, 0, 16, 14, 2, 45, 11, 1, 25, 5, 23, 20, 11, 23, 3, 5, 6, 5, 22, 15, 87, 15, 33, 4, 4, 10, 5, 31, 15, 3, 11, 19, 39, 25, 9, 99, 31, 12, 90, 2, 23, 7, 58, 37, 5, 70, 62, 71, 11, 40, 19, 403, 7442148357]
Free Game RNG[100x] = [996713533, 942710256, 581, 149, 35, 91, 438, 483, 307, 4060809997, 80, 634, 0, 1, 1, 0, 2, 0, 0, 0, 59, 12, 7, 18, 15, 39, 18, 58, 6, 4, 12, 15, 44, 19, 24, 23, 6, 19, 54, 3, 13, 2, 37, 19, 8, 9, 63, 23, 30, 34, 8, 21, 51, 31, 47, 3, 24, 57, 19, 20, 15, 96, 293, 4, 8, 3, 15, 2, 23, 20, 27, 3, 29, 13, 17, 26, 39, 27, 7, 101, 46, 35, 1, 38, 1, 18, 30, 43, 50, 47, 29, 66, 103, 67, 695030915, 67, 7, 15, 1, 15, 7, 12, 6324051533, 3, 6, 15, 41, 3, 8, 65, 66, 0, 29, 10, 17, 3001451250, 13, 32, 1, 32, 31, 0, 77, 50, 13, 18, 8, 24, 5, 7, 20, 19, 63, 106, 101, 508, 499, 38, 2, 16, 4, 30, 9559885148, 1480, 148, 0, 1, 0, 0, 2, 2, 1, 0, 42, 4, 18, 12, 9, 24, 18, 55, 10, 1, 11, 3, 33, 30, 37, 12, 20, 7, 4, 50, 64, 3, 10, 0, 38, 14, 5, 21, 22, 116, 63, 21, 27, 33, 25, 44, 6437827598, 1, 5, 17, 34, 8, 6, 84, 29, 80, 11, 35, 29, 55, 379, 23, 20, 51, 15, 12, 2, 2, 14, 16, 13, 3, 34, 9, 9, 7, 29, 81, 26, 15, 10, 26, 10, 48, 7, 14, 21, 31, 42, 326, 303, 6785897575, 41, 6, 21, 11, 8, 43, 76, 49, 4, 9, 6, 9, 30, 67]
Free Game RNG[200x] = [997155072, 981619115, 423, 239, 309, 183, 661, 416, 124, 10, 5, 7, 83, 201, 96, 41, 199, 132, 412, 5, 6, 150, 136, 64, 78, 54, 2, 2, 108, 2, 32, 2, 3, 19, 40, 311, 22, 26, 42, 51, 3, 29, 135, 167, 13, 3871192228, 1729, 584, 2, 0, 0, 0, 7, 2, 4, 4, 0, 0, 0, 0, 61, 15, 7, 12, 8, 50, 17, 19, 9, 16, 0, 13, 41, 7, 26, 14, 10, 11, 6, 36, 30, 1, 10, 15, 16, 3, 2, 105, 21, 2, 79, 6, 12, 26, 2426618411, 3, 14, 9, 2, 21, 16, 36, 86, 305, 4, 2, 44, 65, 121, 471, 106, 40, 35, 55, 35, 49, 17, 17, 2, 53, 31, 131, 2, 41, 57, 60, 954, 38, 32, 52, 31, 39, 17, 5, 7797375364, 27, 14, 14, 16, 3, 3, 31, 31, 1, 15, 14, 12, 35, 55, 1541653907, 0, 41, 9, 31, 37, 2, 113, 54, 0, 30, 5, 95, 23, 112, 86, 466, 247, 147, 908, 32, 34, 55, 14, 18, 35, 2, 14, 35, 21, 224, 86, 41, 29, 75, 160, 12, 354, 14, 38, 6, 36, 25, 104, 16, 27, 106, 220, 336, 5758620122, 20, 11, 6, 14, 3, 1, 1, 29, 5, 18, 18, 5, 6, 73, 67, 6, 9, 9, 10, 27, 46, 3, 15, 8, 6, 13, 35, 6]
Free Game RNG[300x] = [998159016, 985378727, 59, 95, 130, 319, 291, 335, 193, 5, 182, 1, 19, 30, 955, 36, 14, 143, 160, 33, 68, 73, 10, 147, 62, 104, 569, 117, 75, 255, 61, 70, 131, 89, 470, 5, 3, 69, 2, 119, 30, 161, 172, 75, 16, 827, 94, 23, 123, 158, 30, 102, 55, 16, 4, 8, 11, 99, 26, 8410480711, 636, 192, 2, 0, 1, 0, 1, 0, 0, 0, 32, 0, 14, 11, 15, 44, 60, 7, 11, 16, 2, 5, 26, 74, 3, 5, 16, 53, 14, 10, 32, 65, 81, 15, 52, 3, 20, 15, 10, 8, 11, 46, 52, 25, 6, 44, 79, 28, 102, 68, 148, 935, 0, 14, 24, 36, 34, 20, 0, 1, 29, 2, 13, 309, 0, 0, 0, 0, 59, 42, 0, 0, 0, 0, 10, 5, 8826963036, 50, 11, 7, 19, 8, 27, 6, 3, 3, 0, 16, 4, 7, 101, 23, 4, 3, 60, 8422226160, 52, 5, 13, 9, 5, 15, 41, 6, 24, 19, 9, 33, 11, 122, 28, 258, 128, 10, 18, 25, 116, 103, 63, 36, 15, 16, 5, 1, 143, 7, 54, 113, 68, 620, 17, 23, 3, 14, 99, 235, 69, 7399979477, 8, 25, 8, 22, 24, 15, 122, 69, 25, 19, 88, 54, 50, 8, 38, 2, 50, 29, 5, 22, 35, 62, 114, 8, 80, 102, 145, 854, 177, 36, 18, 11, 10, 250, 9783892339]
Free Game RNG[400x] = [998807544, 994677094, 291, 236, 131, 316, 245, 286, 109, 134, 339, 138, 299, 707, 4, 135, 180, 38, 6, 58, 291, 85, 48, 414, 116, 171, 78, 24, 47, 53, 4, 4, 124, 22, 123, 8, 31, 88, 130, 190, 143, 46, 47, 62, 34, 90, 72, 149, 101, 73, 3, 119, 131, 86, 112, 6555750824, 55, 256, 0, 1, 0, 0, 0, 1, 1, 0, 1, 16, 2, 13, 0, 23, 68, 6, 32, 18, 36, 1, 79, 63, 1266820326, 57, 3, 6, 13, 6, 13, 12, 46, 4, 18, 1, 1, 44, 12, 2, 8, 9, 48, 4, 4, 48, 39, 92, 39, 0, 830, 23, 11, 49, 384, 158724204, 1727, 306, 2, 0, 0, 0, 0, 0, 1, 0, 9, 6, 0, 17, 1, 17, 62, 36, 14, 28, 21, 31, 48, 9083834217, 7, 8, 33, 6, 10, 3, 71, 43, 13, 25, 21, 31, 36, 0, 66, 17, 39, 17, 20, 22, 33, 24, 13, 4, 97, 115, 297, 37, 269, 1609726653, 0, 9, 14, 30, 21, 7, 52, 15, 31, 39, 22, 66, 70, 64, 38, 26, 20, 13, 0, 0, 0, 10, 15, 32, 0, 54, 105, 132, 361, 0, 0, 2, 25, 19, 14, 5, 25, 19, 78, 5926202249, 32, 14, 21, 18, 2, 37, 5, 52, 14, 13, 14, 3, 50, 43, 6, 4, 35, 5, 42, 3, 5, 0, 1, 0, 49, 35, 19, 20, 8, 24, 65, 24, 318950048, 1, 12, 18, 51, 32, 9, 101, 4, 3, 104, 53, 37, 6, 40, 4, 21, 15, 16, 1, 3, 15, 57, 23, 6, 601, 6926508552, 768, 657, 2, 2, 1, 0, 3, 1, 1, 0, 14, 3, 18, 9, 15, 3, 62, 2883252404, 53, 4, 17, 8, 10, 42, 48, 3, 6, 44, 3, 32, 7, 32, 28, 34, 21, 22, 12, 8, 26, 10, 43, 0, 38, 4, 18, 92, 47, 12, 3, 25, 23, 9, 938041124, 4, 5, 11, 4, 9, 26, 48, 6575698486, 2, 12, 9, 11, 11, 5, 27, 60, 11, 53, 38, 44, 10, 43, 65, 25, 8, 24, 5, 0, 0, 10, 953, 1, 0, 1, 30, 27, 5350177462, 16, 9, 1, 19, 2, 29, 53, 7374652488, 67, 8, 19, 4, 7, 45, 74, 7773970196, 9, 8, 9, 3, 37, 5, 28, 5, 18, 17, 39, 19, 121, 78, 63, 140, 427, 159, 210, 25, 8, 41, 43, 27, 8, 12, 0, 13, 4, 11, 6, 4, 64, 4, 46, 9, 43, 288, 10, 8, 48, 2, 18, 65, 20, 105, 1, 1, 40, 9, 23, 13, 13, 0, 14, 21, 31, 19, 12, 15, 1, 28, 250963807, 13, 3, 0, 19, 11, 16, 22, 3644756992]
Free Game RNG[500x] = [997819864, 999581219, 316, 132, 160, 46, 474, 15, 355, 110, 15, 111, 442, 6, 9, 124, 34, 103, 154, 1, 127, 217, 111, 102, 55, 2, 988, 3, 137, 181, 23, 125, 16, 20, 117, 52, 4, 36, 7, 140, 145, 75, 81, 127, 229, 3, 49, 129, 150, 4717345784, 1239, 326, 0, 1, 1, 0, 1, 2, 0, 0, 19, 13, 18, 1, 5, 26, 53, 51, 6, 19, 17, 13, 3, 13, 3, 6, 6, 16, 24, 1, 19, 31, 95, 60, 55, 44, 37, 7, 26, 20, 11, 3, 9, 14, 17, 20, 34, 12, 25, 78, 92, 181, 39, 347, 319, 0, 0, 0, 0, 1, 2, 27, 31, 43, 0, 55, 157, 215, 283, 720, 0, 0, 1, 391, 0, 0, 10, 3145855141, 5, 0, 4, 19, 0, 49, 55, 4, 11, 23, 39, 11, 9108546423, 36, 6, 18, 10, 1, 22, 17, 4, 45, 37, 26, 5, 7, 83, 4, 201, 4, 17, 18, 27, 36, 28, 248, 248, 10, 21, 38, 11, 11, 29, 35, 279, 18, 39, 46, 25, 13, 23, 4, 21, 10, 4, 41, 16, 1, 9, 1, 5, 28, 7, 22, 20, 23, 27, 37, 64, 17, 5, 2, 7, 19, 1, 42, 7, 26, 96, 99, 0, 0, 1, 14, 11, 25, 23, 24, 9, 99, 194, 205, 0, 0, 1, 38, 6, 32, 1, 20, 11, 155, 63, 79, 194, 42, 3902866704]
=======================FreeGame C1 RNG INFO=======================================
Free Game C1[3] = [994815984, 525976541, 524, 183, 81, 249, 468, 438, 45, 9, 1, 46, 317, 54, 6, 89, 1, 299, 236, 0, 222, 114, 0, 372, 9143029281, 717, 670, 0, 1, 0, 0, 3, 2, 1, 0, 1, 0, 1, 5, 16, 0, 3, 15, 18, 13, 9, 2, 17, 4, 48, 70, 8456126078, 67, 12, 16, 16, 1, 48, 67, 0, 10, 17, 20, 5, 9, 13, 27, 62, 26, 67, 65, 775, 8998004456, 0, 1, 4, 10, 8, 7, 49, 7, 39, 5, 27, 41, 52, 1, 3, 5, 58, 27, 29, 27, 70, 106, 49, 210, 3996101600, 48, 13, 10, 9, 9, 22, 50, 17, 15, 16, 4, 11, 7, 15, 30, 11, 34, 22, 23, 38, 44, 5159783819, 11, 0, 11, 14, 0, 2, 57, 9249676875, 0, 20, 2, 17, 31, 11, 116, 41, 4620080050, 10, 15, 13, 23, 26, 0, 117, 13, 36, 52, 57, 9, 17, 38, 30, 48, 23, 20, 24, 17, 120, 25, 165, 158, 664, 133, 16, 8, 0, 28, 105, 18, 5, 91, 759797612]
Free Game C1[4] = [998254225, 955130277, 293, 344, 279, 123, 546, 373, 341, 59, 341, 359, 284, 334, 282, 91, 117, 250, 151, 163, 61, 6, 164, 0, 49, 52, 68, 132, 126, 93, 3, 51, 55, 71, 56, 133, 102, 125, 9, 65, 78, 138, 88, 54, 97, 14, 77, 0, 20, 21, 81, 43, 18, 178, 37, 9, 58, 1603059566, 1592, 505, 1, 2, 0, 0, 1, 1, 2, 1, 0, 0, 16, 1, 0, 4, 6, 42, 20, 5916131118, 1655, 724, 1, 2, 1, 0, 1, 2, 0, 0, 3, 13, 8, 35, 15, 1, 34, 53, 54, 66, 20, 16, 9, 11, 43, 28, 29, 23, 25, 0, 28, 1, 20, 94, 7607041194, 12, 9, 11, 3, 2, 44, 14, 7, 15, 19, 16, 3, 2, 37, 25, 7, 4, 9, 1, 49, 35, 36, 13, 11, 16, 11, 30, 9, 9, 12, 8, 17, 0, 14, 119, 52, 16, 3, 4, 42, 29, 1, 52, 51, 51, 37, 24, 34, 37, 14, 45, 36, 66, 451, 491, 9910000128, 57, 7, 13, 9, 10, 28, 37, 47, 10, 0, 2, 0, 25, 16, 9735504850, 7, 30, 36, 0, 24, 18, 119, 83, 5, 13, 32, 40, 13, 27, 5, 31, 76, 5827148858, 22, 2, 2, 2, 2, 19, 31, 2, 14, 12, 23, 14, 7, 44, 42, 95, 18, 20, 37, 32, 12, 2, 56, 51, 18, 31, 836292069, 50, 4, 2, 6, 15, 28, 7, 9, 9, 3, 13, 4, 23, 49, 6, 4, 18, 2, 10, 45, 11, 1, 43, 32, 20, 36, 16, 18, 85, 15, 5, 13, 17, 5, 8, 61, 48, 789, 264, 6, 28, 35, 16, 2, 99, 234, 202, 525, 7329663684, 19, 12, 12, 19, 8, 35, 12, 4, 42, 28, 12, 16, 14, 0, 53, 16, 17, 28, 7, 35, 40, 52, 50, 34, 27, 1, 4, 34, 5771850960]
=======================整場TopUpGame 倍數=======================================
=======================by Game Data=======================================
BG_HitFG_C1Count[0] = 8037
BG_HitFG_C1Count[1] = 17611
BG_HitFG_C1Count[2] = 12851
BG_HitFG_C1Count[3] = 5723
BG_HitFG_C1Count[4] = 11624
BG_HitFG_C1Count[5] = 343
BG_HitFG_C1Count[6] = 5
BG_eliminateSymbolHit[10][2] = 1046458
BG_eliminateSymbolHit[10][3] = 388654
BG_eliminateSymbolHit[10][4] = 218448
BG_eliminateSymbolHit[10][5] = 131583
BG_eliminateSymbolHit[11][2] = 539604
BG_eliminateSymbolHit[11][3] = 443332
BG_eliminateSymbolHit[11][4] = 132890
BG_eliminateSymbolHit[11][5] = 82039
BG_eliminateSymbolHit[2][2] = 492386
BG_eliminateSymbolHit[2][3] = 267440
BG_eliminateSymbolHit[2][4] = 195260
BG_eliminateSymbolHit[2][5] = 128673
BG_eliminateSymbolHit[3][2] = 411602
BG_eliminateSymbolHit[3][3] = 220929
BG_eliminateSymbolHit[3][4] = 87427
BG_eliminateSymbolHit[3][5] = 66265
BG_eliminateSymbolHit[4][2] = 698630
BG_eliminateSymbolHit[4][3] = 242214
BG_eliminateSymbolHit[4][4] = 118865
BG_eliminateSymbolHit[4][5] = 104672
BG_eliminateSymbolHit[5][2] = 490617
BG_eliminateSymbolHit[5][3] = 250091
BG_eliminateSymbolHit[5][4] = 56516
BG_eliminateSymbolHit[5][5] = 31182
BG_eliminateSymbolHit[6][2] = 590552
BG_eliminateSymbolHit[6][3] = 359678
BG_eliminateSymbolHit[6][4] = 89647
BG_eliminateSymbolHit[6][5] = 56528
BG_eliminateSymbolHit[7][2] = 654431
BG_eliminateSymbolHit[7][3] = 158450
BG_eliminateSymbolHit[7][4] = 71266
BG_eliminateSymbolHit[7][5] = 84230
BG_eliminateSymbolHit[8][2] = 596918
BG_eliminateSymbolHit[8][3] = 321692
BG_eliminateSymbolHit[8][4] = 86078
BG_eliminateSymbolHit[8][5] = 78178
BG_eliminateSymbolHit[9][2] = 773546
BG_eliminateSymbolHit[9][3] = 572791
BG_eliminateSymbolHit[9][4] = 258285
BG_eliminateSymbolHit[9][5] = 129797
BaseGameCombo[0] = 6290946
BaseGameCombo[10] = 6
BaseGameCombo[1] = 2303502
BaseGameCombo[2] = 705729
BaseGameCombo[3] = 367216
BaseGameCombo[4] = 259700
BaseGameCombo[5] = 126360
BaseGameCombo[6] = 37445
BaseGameCombo[7] = 7727
BaseGameCombo[8] = 1260
BaseGameCombo[9] = 109
FG_MaxMultiplier[10] = 4405
FG_MaxMultiplier[11] = 2271
FG_MaxMultiplier[12] = 1059
FG_MaxMultiplier[13] = 541
FG_MaxMultiplier[14] = 268
FG_MaxMultiplier[15] = 202
FG_MaxMultiplier[16] = 163
FG_MaxMultiplier[17] = 131
FG_MaxMultiplier[18] = 131
FG_MaxMultiplier[19] = 106
FG_MaxMultiplier[20] = 103
FG_MaxMultiplier[21] = 62
FG_MaxMultiplier[22] = 65
FG_MaxMultiplier[23] = 33
FG_MaxMultiplier[24] = 43
FG_MaxMultiplier[25] = 24
FG_MaxMultiplier[26] = 13
FG_MaxMultiplier[27] = 12
FG_MaxMultiplier[28] = 5
FG_MaxMultiplier[29] = 6
FG_MaxMultiplier[30] = 4
FG_MaxMultiplier[31] = 1
FG_MaxMultiplier[32] = 2
FG_MaxMultiplier[3] = 223
FG_MaxMultiplier[4] = 1807
FG_MaxMultiplier[5] = 5643
FG_MaxMultiplier[6] = 9573
FG_MaxMultiplier[7] = 11556
FG_MaxMultiplier[8] = 10368
FG_MaxMultiplier[9] = 7374
FG_Retrigger_C1Count[0] = 143
FG_Retrigger_C1Count[1] = 632
FG_Retrigger_C1Count[2] = 576
FG_Retrigger_C1Count[3] = 187
FG_Retrigger_C1Count[4] = 5
FG_eliminateSymbolHit[10][2] = 6499
FG_eliminateSymbolHit[10][3] = 3789
FG_eliminateSymbolHit[10][4] = 1582
FG_eliminateSymbolHit[10][5] = 1044
FG_eliminateSymbolHit[11][2] = 134017
FG_eliminateSymbolHit[11][3] = 36383
FG_eliminateSymbolHit[11][4] = 10704
FG_eliminateSymbolHit[11][5] = 12549
FG_eliminateSymbolHit[2][2] = 1921
FG_eliminateSymbolHit[2][3] = 973
FG_eliminateSymbolHit[2][4] = 321
FG_eliminateSymbolHit[2][5] = 405
FG_eliminateSymbolHit[3][2] = 19082
FG_eliminateSymbolHit[3][3] = 11259
FG_eliminateSymbolHit[3][4] = 2287
FG_eliminateSymbolHit[4][2] = 89669
FG_eliminateSymbolHit[4][3] = 23449
FG_eliminateSymbolHit[4][4] = 1217
FG_eliminateSymbolHit[4][5] = 4527
FG_eliminateSymbolHit[5][2] = 13596
FG_eliminateSymbolHit[5][3] = 9924
FG_eliminateSymbolHit[5][4] = 376
FG_eliminateSymbolHit[6][2] = 68438
FG_eliminateSymbolHit[6][3] = 68523
FG_eliminateSymbolHit[6][4] = 60621
FG_eliminateSymbolHit[6][5] = 452
FG_eliminateSymbolHit[7][2] = 3185
FG_eliminateSymbolHit[7][3] = 5363
FG_eliminateSymbolHit[7][4] = 20694
FG_eliminateSymbolHit[7][5] = 19234
FG_eliminateSymbolHit[8][2] = 131164
FG_eliminateSymbolHit[8][3] = 67212
FG_eliminateSymbolHit[8][4] = 18160
FG_eliminateSymbolHit[8][5] = 46921
FG_eliminateSymbolHit[9][2] = 33788
FG_eliminateSymbolHit[9][3] = 20579
FG_eliminateSymbolHit[9][4] = 24354
FG_eliminateSymbolHit[9][5] = 39803
FreeGameCombo[0] = 276814
FreeGameCombo[1] = 78336
FreeGameCombo[2] = 79823
FreeGameCombo[3] = 29146
FreeGameCombo[4] = 15649
FreeGameCombo[5] = 1804
FreeGameCombo[6] = 469
FreeGameCombo[7] = 9
baseHaveatleast1C1 = 4877846
bgTotal = 10100000
fgHaveatleast1C1 = 258388
fgTotal = 482050
ComboRate = 5085380198
=======================RNG INFO=======================================
