version = H017192-2.0.0.0/H017194-2.0.0.0 GameID = 101004, JP optionID = 22, Coin in = 50000, currency denom = 0.002000, betMultiplier = 1,feature bet = 0, denom Multiplier = 0 
TotalSpin = 500000, TotalBet = 25000000000
=======================Total RTP=======================================
BaseGameRtp = 0.000492
ScatterRtp = 0.000000
FreeGameRtp = 0.925161
TotalRtp (excluding JP/bonus) = 0.925652
BonusJP Rtp = 0.031533
LinkJP Rtp = 0.000000
TotalRtp (including JP/bonus) = 0.957185
=======================BaseGame info=======================================
BaseGameTTLWin = 12294560
BG FeatureHit[0] = 500000
BG FeatureHit[1] = 11127
=======================FreeGame info=======================================
FreeGameTTLRound = 4061250
FreeGameTTLWin = 23129015600
FG SymbolHit[2][2] = 521540
FG SymbolHit[2][3] = 638320
FG SymbolHit[2][4] = 43617
FG SymbolHit[2][5] = 14224
FG SymbolHit[3][2] = 60277
FG SymbolHit[3][3] = 47699
FG SymbolHit[3][4] = 74618
FG SymbolHit[3][5] = 16859
FG SymbolHit[4][2] = 536260
FG SymbolHit[4][3] = 617609
FG SymbolHit[4][4] = 34904
FG SymbolHit[4][5] = 129290
FG SymbolHit[5][2] = 434075
FG SymbolHit[5][3] = 766352
FG SymbolHit[5][4] = 49512
FG SymbolHit[6][2] = 20896
FG SymbolHit[6][3] = 76719
FG SymbolHit[6][4] = 549283
FG SymbolHit[8][2] = 138436
FG SymbolHit[8][3] = 5807
FG SymbolHit[8][4] = 92645
FG SymbolHit[8][5] = 324409
FG SymbolHit[11][2] = 502565
FG SymbolHit[11][3] = 11789
FG SymbolHit[11][4] = 3085
FG SymbolHit[11][5] = 7154
FG Wheel Table [8] Count = 2394003
FG Wheel Table [9] Count = 886307
FG Wheel Table [10] Count = 780940
FG FeatureHit[0] = 5582
FG FeatureHit[1] = 47513
=======================JP info=======================================
LinkJP RTP = 0.000000
BonusJP RTP = 0.031533
JPTotalRound = 58640, avgPeriod = 8.526603
pool[1] hit = 0, ttlWin = 0, avg = 0.000000
pool[2] hit = 0, ttlWin = 0, avg = 0.000000
pool[3] hit = 5048, ttlWin = 50480000, avg = 10000, rtp = 0.010096
pool[4] hit = 53592, ttlWin = 107184000, avg = 2000, rtp = 0.021437
=======================BaseGame 倍數=======================================
BaseGame 00 = 0
=======================Base Game RNG INFO=======================================
Base Game RNG[10x] = [326257188, 140, 33, 30, 8, 64, 216, 20, 6, 4, 8, 224, 180, 85, 0, 78, 39, 995, 3, 188, 112, 21, 65, 91, 24, 85, 964, 129, 25, 59, 92, 223, 1, 4, 27, 184, 209, 67, 76, 62, 77, 198, 43, 13, 45, 60, 46, 3624170832, 1827, 150, 3, 2, 1, 0, 0, 0, 0, 0, 2, 4, 7, 9, 22, 7, 46, 6, 78, 117, 24, 6, 349, 38, 22, 26, 30, 17, 141, 4961353515, 11, 10, 18, 14, 13, 47, 13, 29, 15, 7, 10, 12, 1, 25, 2, 10, 1, 14, 3, 14, 11, 2, 15, 13, 31, 0, 25, 3, 2, 17, 14, 29, 7, 55, 10, 8, 2, 7, 2, 26, 2, 3, 13, 16, 2, 0, 67, 38, 83, 108, 59, 27, 51, 7, 7, 11, 963, 6, 9, 2, 25, 21, 0, 34, 17, 41, 33, 39, 3, 17, 1, 20, 81, 156, 7, 7, 3, 1, 22, 34, 28, 11, 371, 173, 663, 669242519]
Base Game RNG[20x] = [430275232, 253, 7, 39, 18, 50, 61, 111, 2, 2, 3, 113, 146, 142, 56, 62, 97, 79, 101, 200, 292, 86, 76, 9718155862, 1516, 448, 2, 0, 0, 0, 3, 0, 0, 0, 61, 7, 6, 7, 9, 37, 75, 38, 5, 11, 9, 14, 46, 21, 19, 11, 9, 3, 7, 25, 6, 3, 0, 6, 49, 8, 5, 76, 68, 101, 34, 21, 947, 43, 14, 5, 20, 48, 31, 75, 117, 317, 0, 10, 9, 5, 67, 76, 102, 1936516767, 31, 44, 43, 3, 4, 2, 36, 18, 14, 30, 6, 7, 3, 14, 228, 57, 8, 118, 347, 56, 43, 1, 1, 112, 4924819336, 5, 5, 19, 9, 2, 20, 62, 18, 7, 3, 9, 10, 17, 76, 1, 4, 4, 11, 1, 6, 64, 2, 22, 9, 19, 210, 6, 23, 11, 20, 48, 23, 21, 380]
Base Game RNG[30x] = [310691368, 44, 17, 17, 31, 11, 91, 74, 5, 226, 247, 300, 6, 2, 0, 167, 143, 586, 1, 1, 0, 132, 66, 32, 65, 18, 39, 17, 23, 440, 7, 7, 2, 4, 193, 145, 197, 116, 123, 111, 7, 76, 7, 2, 29, 52, 108, 91, 58, 49, 24, 138, 9076628713, 1664, 761, 3, 1, 0, 0, 6, 1, 1, 4, 1, 1, 0, 0, 1, 4, 18, 44, 19, 4, 0, 24, 43, 55, 90, 56, 7, 65, 474, 14, 21, 15, 5, 34, 7, 34, 17, 8, 0, 0, 25, 44, 99, 189, 241, 12, 233, 266, 934, 0, 0, 1, 4, 28, 1, 15, 32, 48, 20, 6286750519, 10, 9, 5, 10, 6, 30, 2, 44, 15, 11, 17, 4, 35, 40, 20, 8, 2, 11, 11, 32, 47, 0, 12, 9, 4, 17, 4, 103, 32, 54, 26, 84, 52, 14, 51, 109, 116, 11, 9, 37, 6, 16, 770, 6132964583, 41, 2, 11, 19, 3, 23, 39, 66, 7, 21, 6, 10, 28, 40, 27, 38, 1, 8, 0, 9, 38, 27, 11, 25, 26, 9, 15, 45, 7, 2168594234, 32, 3, 8, 11, 5, 3, 45, 1, 16, 21, 3, 7, 41, 70, 9, 3, 1, 4, 12, 44, 65, 7064630222, 10, 3, 9, 1, 6, 3, 42]
Base Game RNG[40x] = [390936150, 59, 14, 30, 39, 25, 250, 38, 0, 148, 222, 82, 91, 48, 76, 192, 9, 84, 136, 212, 257, 91, 867, 1, 0, 41, 57, 150, 75, 45, 3, 16, 105, 79, 12, 254, 4, 193, 43, 533, 7, 34, 47, 177, 132, 146, 200, 143, 3990318477, 1322, 26, 0, 1, 1, 0, 4, 0, 2, 1, 1, 0, 25, 4, 6, 18, 7, 8, 7, 4584115171, 59, 1, 16, 12, 12, 50, 45, 2617854969, 1, 1, 8, 19, 2, 8, 7, 47, 5, 2, 31, 30, 5176755980, 49, 6, 2, 13, 2, 17, 30, 3, 0, 19, 29, 19, 1, 39, 63, 98, 32, 36, 24, 52, 19, 18, 57, 14, 19, 5, 26, 31, 0, 5, 28, 11, 47, 25, 105, 71, 8680334523, 31, 3, 11, 13, 7, 1, 6, 25, 4, 17, 7, 13, 38, 62, 60, 11, 7, 10, 8, 46, 44, 26, 10, 22, 39, 18, 7, 80, 56, 0, 31, 17, 2, 58, 112, 5, 18, 18, 21, 56, 21, 39, 66, 190, 18, 11, 45, 20, 110, 337, 371, 7480635892, 45, 1, 19, 11, 12, 41, 42, 4389014685]
Base Game RNG[50x] = [982378817, 254, 28, 34, 59, 26, 266, 8, 8, 5, 108, 102, 326, 95, 100, 41, 53, 696, 35, 95, 163, 121, 56, 28, 47, 149, 65, 86, 45, 88, 117, 12, 0, 7, 34, 157, 28, 32, 124, 116, 19, 36, 8, 3345881099, 2344, 532, 2, 2, 0, 0, 3, 2, 0, 0, 13, 12, 7, 8, 10, 49, 71, 3218213823, 1, 9, 18, 19, 6, 9, 110, 3, 56, 42, 68, 842, 69, 27, 17, 27, 52, 17, 14, 27, 978, 0, 0, 1, 0, 20, 32, 10, 13, 171, 0, 0, 2, 41, 0, 0, 13, 6, 0, 26, 59, 6, 1551762923, 0, 8, 10, 4, 14, 23, 8, 9098667149, 62, 9, 21, 8, 2, 26, 5, 14, 41, 2, 9, 24, 15, 30, 52, 8, 22, 15, 34, 26, 50, 17, 36, 43, 38, 26, 1, 25, 8, 105, 51, 137, 6, 21, 6, 12, 35, 30, 130, 63, 0, 250, 50, 12, 25, 9, 13, 10, 201, 132, 241, 17, 36, 11, 238, 45, 9920952382, 16, 15, 2, 7, 8, 42, 62, 33, 29, 25, 31, 30, 7215478637, 57, 16, 9, 10, 0, 17, 53, 650527830]
=======================Base Game C1 RNG INFO=======================================
BGC1hit[1] hit = 0, FGC1hit[1] = 1453365
BGC1hit[2] hit = 0, FGC1hit[2] = 376797
BGC1hit[3] hit = 0, FGC1hit[3] = 30873
BGC1hit[4] hit = 0, FGC1hit[4] = 38
BGC1hit[5] hit = 0, FGC1hit[5] = 2
BG reelC1hit[1] hit = 0, FG reelC1hit[1] = 5244912
BG reelC1hit[2] hit = 0, FG reelC1hit[2] = 774036
BG reelC1hit[3] hit = 0, FG reelC1hit[3] = 1773836
BG reelC1hit[4] hit = 0, FG reelC1hit[4] = 661012
BG reelC1hit[5] hit = 0, FG reelC1hit[5] = 825669
BG reelC1hit[6] hit = 0, FG reelC1hit[6] = 3582796
=======================整場FreeGame 倍數=======================================
FreeGame 00 = 0
FreeGame 200x = 73407, Pay = 1656249500, 1C1 = 565502, 2C1 = 146094, 3C1 = 11911, 4C1 = 17, 5C1 = 1
FreeGame 250x = 56018, Pay = 1543723650, 1C1 = 412538, 2C1 = 106885, 3C1 = 8731, 4C1 = 11, 5C1 = null
FreeGame 300x = 57942, Pay = 1884757450, 1C1 = 332973, 2C1 = 86653, 3C1 = 7005, 4C1 = 12, 5C1 = null
FreeGame 350x = 58273, Pay = 2186875000, 1C1 = 287539, 2C1 = 74647, 3C1 = 6118, 4C1 = 6, 5C1 = null
FreeGame 400x = 56173, Pay = 2388470300, 1C1 = 241027, 2C1 = 62690, 3C1 = 5207, 4C1 = 12, 5C1 = 1
FreeGame 450x = 39167, Pay = 1861300100, 1C1 = 167702, 2C1 = 43046, 3C1 = 3659, 4C1 = 5, 5C1 = null
FreeGame 500x = 39422, Pay = 2070230400, 1C1 = 152322, 2C1 = 39600, 3C1 = 3395, 4C1 = 8, 5C1 = null
FreeGame 550x = 20133, Pay = 1158012050, 1C1 = 86907, 2C1 = 22757, 3C1 = 1958, 4C1 = 6, 5C1 = null
FreeGame 600x = 20066, Pay = 1254481050, 1C1 = 77328, 2C1 = 20022, 3C1 = 1781, 4C1 = 4, 5C1 = 1
FreeGame 650x = 19644, Pay = 1326293900, 1C1 = 70057, 2C1 = 18138, 3C1 = 1561, 4C1 = 3, 5C1 = null
FreeGame 700x = 33422, Pay = 2423709850, 1C1 = 105306, 2C1 = 27579, 3C1 = 2392, 4C1 = 5, 5C1 = null
FreeGame 750x = 6851, Pay = 530852050, 1C1 = 24944, 2C1 = 6702, 3C1 = 594, 4C1 = 2, 5C1 = null
FreeGame 800x = 7031, Pay = 580076900, 1C1 = 23697, 2C1 = 6447, 3C1 = 604, 4C1 = 3, 5C1 = null
FreeGame 850x = 3219, Pay = 281831250, 1C1 = 12040, 2C1 = 3278, 3C1 = 299, 4C1 = 2, 5C1 = null
FreeGame 900x = 3193, Pay = 295373800, 1C1 = 11331, 2C1 = 3164, 3C1 = 280, 4C1 = 2, 5C1 = null
FreeGame 950x = 1818, Pay = 177343850, 1C1 = 7121, 2C1 = 1872, 3C1 = 199, 4C1 = null, 5C1 = null
FreeGame 1000x = 1124, Pay = 157656250, 1C1 = 19578, 2C1 = 5907, 3C1 = 816, 4C1 = 19, 5C1 = null
FreeGame 2000x = 875, Pay = 213203800, 1C1 = 8614, 2C1 = 2535, 3C1 = 360, 4C1 = 9, 5C1 = null
FreeGame 3000x = 640, Pay = 220564200, 1C1 = 5066, 2C1 = 1478, 3C1 = 213, 4C1 = 5, 5C1 = null
FreeGame 4000x = 561, Pay = 250092700, 1C1 = 3713, 2C1 = 1106, 3C1 = 171, 4C1 = 4, 5C1 = null
FreeGame 5000x = 533, Pay = 290040600, 1C1 = 3339, 2C1 = 1019, 3C1 = 154, 4C1 = 1, 5C1 = null
FreeGame 6000x = 488, Pay = 377876950, 1C1 = 3581, 2C1 = 1108, 3C1 = 185, 4C1 = 6, 5C1 = null
FGBasePay = 12294560
=======================FreeGame 單round 倍數=======================================
FreeOneRound 0x = 59381, Pay = 4275450
FreeOneRound 1x = 53124, Pay = 9490050
FreeOneRound 2x = 38556, Pay = 10780950
FreeOneRound 3x = 28337, Pay = 10940150
FreeOneRound 4x = 24934, Pay = 12193350
FreeOneRound 5x = 23809, Pay = 14237350
FreeOneRound 6x = 10209, Pay = 7095200
FreeOneRound 7x = 14041, Pay = 11122900
FreeOneRound 8x = 9270, Pay = 8327300
FreeOneRound 9x = 29055, Pay = 29023550
FreeOneRound 10x = 54602, Pay = 70702150
FreeOneRound 15x = 61064, Pay = 113692300
FreeOneRound 20x = 42107, Pay = 97883800
FreeOneRound 25x = 43205, Pay = 123069750
FreeOneRound 30x = 30447, Pay = 100578000
FreeOneRound 35x = 51924, Pay = 198269750
FreeOneRound 40x = 31430, Pay = 135476100
FreeOneRound 45x = 40458, Pay = 195146550
FreeOneRound 50x = 72065, Pay = 406714100
FreeOneRound 60x = 58647, Pay = 385914550
FreeOneRound 70x = 70119, Pay = 530486200
FreeOneRound 80x = 56515, Pay = 485234000
FreeOneRound 90x = 58172, Pay = 559308450
FreeOneRound 100x = 104190, Pay = 1161419650
FreeOneRound 120x = 84275, Pay = 1101944600
FreeOneRound 140x = 85619, Pay = 1289341200
FreeOneRound 160x = 71799, Pay = 1227707700
FreeOneRound 180x = 63310, Pay = 1209868600
FreeOneRound 200x = 120879, Pay = 2711008700
FreeOneRound 250x = 85722, Pay = 2353537200
FreeOneRound 300x = 56827, Pay = 1842603100
FreeOneRound 350x = 40762, Pay = 1525932200
FreeOneRound 400x = 26652, Pay = 1131278450
FreeOneRound 450x = 18278, Pay = 867259750
FreeOneRound 500x = 12538, Pay = 656292150
FreeOneRound 550x = 9382, Pay = 539282300
FreeOneRound 600x = 6024, Pay = 376117850
FreeOneRound 650x = 3810, Pay = 256626450
FreeOneRound 700x = 2135, Pay = 154473850
FreeOneRound 750x = 1268, Pay = 98120050
FreeOneRound 800x = 727, Pay = 59962700
FreeOneRound 850x = 565, Pay = 49439100
FreeOneRound 900x = 387, Pay = 35786900
FreeOneRound 950x = 299, Pay = 29151150
FreeOneRound 1000x = 3008, Pay = 418489850
FreeOneRound 2000x = 989, Pay = 239796650
FreeOneRound 3000x = 394, Pay = 135873900
FreeOneRound 4000x = 151, Pay = 66771950
FreeOneRound 5000x = 56, Pay = 30072250
FreeOneRound 6000x = 59, Pay = 40895400
=======================整場freeGame 初始10X球倍數=======================================
=======================整場freeGame 初始無10X球倍數=======================================
=======================FreeGame RNG INFO=======================================
Free Game RNG[200x] = [179001148, 189, 41, 32, 42, 34, 233, 37, 886712560, 366, 218, 1, 1, 1, 0, 0, 0, 0, 0, 37, 13, 11, 13, 8, 7, 51, 6724819635, 3, 15, 18, 10, 8, 43, 32, 0, 5, 6, 27, 4, 4, 39, 8, 43, 1, 49, 18, 57, 13, 65, 9103244591, 15, 7, 8, 5, 1, 48, 45, 7639064199, 60, 8, 2, 9, 13, 15, 34, 0, 5, 14, 26, 9, 0, 91, 4, 4, 87, 39, 30, 7, 47, 34, 14, 42, 0, 24, 13, 13, 29, 38, 32, 16, 7, 27, 8, 23, 29, 35, 50, 46, 36, 80, 111, 26, 181, 46, 47, 26, 3, 24, 28, 119, 243, 7352926134, 12, 43, 30, 36, 36, 8, 101, 79, 17, 22, 18, 27, 19, 38, 52, 128, 80, 9122317951]
Free Game RNG[300x] = [334271311, 206, 28, 4, 11, 39, 186, 70, 4477416881, 247, 295, 2, 2, 1, 0, 1, 0, 1, 0, 49, 1, 3, 12, 15, 37, 7, 1897931373, 3, 8, 2, 23, 33, 0, 111, 54, 14, 73, 41, 68, 46, 12, 58, 12, 5586213490, 33, 9, 5, 16, 5, 45, 75, 16, 10, 3, 2, 9, 45, 71, 5, 14, 17, 33, 70, 8107787276, 3, 7, 5, 29, 1, 0, 102, 63, 92, 31, 37, 6, 53, 2730186930, 63, 10, 9, 11, 13, 21, 0, 21, 40, 21, 35, 6, 17, 63, 29, 6, 12, 23, 55, 10, 15, 43, 38, 9, 72, 597, 322, 4, 13, 30, 9, 32, 10, 112, 76, 7918411413]
Free Game RNG[400x] = [516894054, 61, 23, 32, 52, 30, 139, 118, 2, 3, 181, 510, 7209773454, 1344, 98, 1, 2, 0, 0, 0, 1, 1, 0, 49, 8, 5, 19, 6, 32, 19, 3, 14, 16, 36, 0, 7, 35, 20, 24, 5, 46, 17, 33, 12, 50, 61, 725, 57, 24, 7, 20, 17, 48, 31, 10, 14, 69, 384, 93, 0, 16, 5, 9, 26, 28, 5471065359, 62, 4, 13, 18, 5, 44, 59, 0, 7, 7, 8, 0, 42, 60, 3811638477, 20, 7, 13, 0, 3, 41, 67, 0, 2, 4, 1, 31, 4, 38, 65, 105, 90, 97, 58, 5, 61, 13, 17, 21, 3, 6, 25, 30, 21, 14, 234, 288, 308, 212, 33, 442, 9816425572, 43, 20, 22, 8, 32, 14, 87, 67, 638226001, 10, 4, 21, 11, 8, 37, 36]
Free Game RNG[500x] = [700878436, 232, 20, 32, 30, 31, 226, 62, 2646659149, 2382, 695, 2, 1, 1, 0, 0, 0, 1, 0, 23, 11, 3, 17, 7, 30, 16, 1, 2, 3, 1, 5, 30, 19, 1, 14, 12, 7, 4, 6, 35, 31, 8, 82, 46, 39, 16, 32, 113, 423, 426, 4, 21, 14, 20, 46, 54, 25, 3, 84, 10, 7, 6, 7, 12, 30, 17, 12, 1, 1, 10, 30, 28, 17, 8419920866, 21, 2, 17, 14, 3, 35, 9, 67, 7, 15, 1, 2, 9, 62, 7662031741, 39, 14, 20, 6, 9, 4, 25, 28, 46, 36, 32, 6, 7, 71, 79, 18, 30, 2, 1, 84, 47, 50, 53, 16, 2, 63, 33, 116, 7167606937, 44, 6, 16, 22, 25, 10, 99, 68, 266, 23, 8, 31, 18, 128, 36, 54, 293, 440, 28, 11, 4, 43, 26, 31, 29, 820, 12, 63, 28, 15, 12, 60, 250, 182, 7532696216]
Free Game RNG[600x] = [808124086, 6, 25, 41, 12, 57, 19, 122, 3149262549, 660, 324, 2, 2, 0, 0, 3, 0, 1, 0, 35, 0, 6, 13, 5, 18, 71, 3, 13, 15, 9, 6, 1, 44, 17, 48, 64, 10, 61, 670, 36, 18, 10, 3, 16, 0, 13, 30, 2, 0, 11, 5, 5, 6, 10, 23, 4, 12, 1, 5, 93, 73, 19, 69, 7128930827, 25, 15, 18, 0, 0, 48, 16, 7660297804, 7, 11, 7, 14, 15, 18, 43, 17, 9, 16, 6, 14, 11, 83, 70, 64, 3, 7, 18, 13, 15, 3, 15, 37, 24, 25, 8, 2, 18, 19, 2, 32, 16, 23, 52, 17, 97, 123, 44, 4722476983, 2, 10, 18, 30, 6, 1, 107, 56, 7, 35, 66, 1, 71, 803, 22, 40, 31, 0, 0, 1, 22, 5, 246, 252, 196, 268, 288, 824, 0, 1, 0, 5, 26, 28, 14, 27, 585519780]
Free Game RNG[700x] = [937880492, 176, 34, 48, 31, 33, 111, 136, 2138614750, 1544, 320, 0, 2, 1, 0, 3, 0, 0, 0, 9, 11, 17, 8, 2, 2, 37, 3, 6, 18, 52, 34, 5, 63, 2, 25, 87, 35, 49, 39, 110, 38, 4, 3, 21, 22, 25, 21, 45, 12, 19, 28, 88, 643, 6, 13, 5, 2, 16, 0, 1, 1, 1, 16, 32, 32, 13, 12, 48, 40, 320, 6922992086, 64, 12, 5, 3, 11, 12, 41, 9, 9, 9, 41, 13, 4, 6, 14, 12, 2, 15, 6510796462, 26, 43, 34, 11, 13, 10, 14, 69, 27, 21, 29, 7, 86, 102, 126, 2, 59, 13, 5, 0, 23, 41, 3892333072, 29, 5, 21, 19, 6, 31, 1, 67, 0, 12, 11, 2, 38, 48, 3, 5, 6, 29, 26, 10, 52, 0, 5, 117, 38, 11, 37, 11, 14, 30, 117, 105, 561047892]
Free Game RNG[800x] = [970663547, 138, 17, 41, 52, 32, 103, 136, 8422403167, 2037, 523, 1, 1, 0, 0, 2, 0, 0, 0, 63, 10, 20, 12, 7, 24, 4, 45, 0, 17, 4, 9, 28, 44, 18, 26, 29, 11, 54, 9813979047, 14, 8, 6, 5, 15, 40, 29, 6114468861, 2, 3, 1, 4, 28, 10, 101, 38, 98, 52, 32, 25, 104, 172, 10, 20, 14, 15, 5, 24, 23, 8, 39, 872, 40, 20, 11, 27, 36, 1, 110, 76, 185, 13, 22, 5, 115, 8, 37, 42, 65, 292, 129, 50, 35, 56, 3, 7, 24, 32, 35, 1822354047, 49, 6, 15, 6, 4, 3, 38, 3, 7, 2, 6, 11, 28, 14, 38, 20, 13, 26, 24, 16, 88, 55, 70, 20, 44, 24, 208, 334, 103, 939, 161, 9, 37, 56, 44, 33, 26, 5, 34, 12, 18, 25, 16, 81, 44, 396, 86, 7454994656]
Free Game RNG[900x] = [984921373, 185, 38, 43, 17, 63, 219, 99, 7863242013, 1913, 161, 2, 2, 1, 0, 3, 1, 0, 0, 2, 13, 19, 4, 1, 20, 65, 24, 2, 33, 23, 75, 12, 65, 1812161427, 1, 3, 19, 2, 13, 3, 17, 61, 70, 41, 35, 66, 4, 6, 27, 4, 3, 23, 26, 0, 23, 17, 39, 48, 0, 0, 17, 14, 17, 14, 14, 27, 6, 13, 20, 29, 76, 254, 109, 102, 58, 43, 188, 0, 0, 1, 19, 25, 64, 2, 4, 12, 6, 23, 22, 15, 11, 14, 1, 13, 40, 37, 4209050871, 5, 15, 23, 39, 34, 11, 83, 15, 25, 6, 0, 17, 1, 14, 48, 135, 146, 84, 293, 29, 54, 8, 1, 13, 42, 44, 18, 190, 517, 508984714, 19, 13, 14, 16, 1, 12, 14, 7, 9, 21, 8, 2, 43, 31, 1, 0, 15, 17, 10, 7, 21, 0, 63, 35, 5, 8, 66, 1413962906]
Free Game RNG[1000x] = [993690260, 52, 23, 8, 43, 62, 151, 44, 4574000773, 1515, 81, 1, 1, 0, 0, 3, 0, 1, 0, 51, 16, 11, 14, 0, 5, 62, 5343261807, 6, 9, 1, 16, 12, 13, 18, 41, 13, 17, 12, 2, 16, 12, 1, 13, 1, 54, 33, 10, 100, 41, 33, 26, 41, 15, 22, 15, 7, 4, 0, 9, 2, 26, 37, 78, 0, 14, 5, 15, 5, 6, 13, 2, 8, 97, 257, 64, 0, 0, 4, 27, 7, 3594725826, 37, 26, 21, 1, 32, 4, 67, 48, 192, 271, 12, 21, 9, 35, 2, 103, 69, 38, 158, 86, 353, 58, 24, 24, 5158269741, 48, 8, 7, 10, 7, 50, 13, 2, 6, 16, 50, 23, 3, 75, 63, 107, 36, 68, 38, 16, 14, 7, 17, 50, 55, 45, 0, 8, 49, 200, 395, 200, 259, 258, 460, 8954333150, 50, 5, 14, 13, 7, 5, 10]
Free Game RNG[2000x] = [994217340, 113, 28, 58, 49, 48, 86, 77, 8281311407, 868, 23, 1, 1, 0, 0, 3, 1, 1, 0, 57, 13, 9, 3, 12, 8, 8, 2172532688, 8, 12, 1, 5, 9, 45, 67, 10, 17, 14, 40, 58, 107, 98, 32, 7, 8, 7, 12, 43, 0, 0, 9, 8, 51, 27, 2, 33, 3, 61, 32, 58, 2, 87, 97, 258, 59, 7, 12, 11, 15, 20, 52, 0, 1, 13, 1, 15, 18, 25, 17, 5, 27, 50, 0, 1, 1, 9, 39, 12, 11, 43, 176, 180, 6768501106, 1549, 196, 0, 0, 1, 0, 0, 0, 0, 0, 14, 20, 39, 28, 6, 1, 94, 72, 15, 28, 11, 7, 39, 47, 7131885508, 0, 8, 17, 45, 8, 8, 28, 57, 118, 2, 14, 14, 15, 49, 26, 9, 52, 888, 9431231340, 38, 29, 32, 15, 12, 15, 19, 32, 80, 21, 12, 10, 34, 64, 28, 138, 234, 114, 337, 386, 59, 53, 47, 14, 43, 7, 756, 5566254088, 29, 7, 18, 10, 4, 30, 66, 60, 1, 21, 1, 14, 47, 62, 3757676678, 9, 15, 9, 10, 8, 2, 28, 3, 7, 2, 39, 20, 10, 89, 41, 73, 54, 23, 28, 20, 24, 113, 8910398441, 35, 16, 13, 1, 0, 26, 25, 5001877270, 12, 2, 5, 4, 0, 37, 67, 9931869816, 44, 5, 3, 12, 14, 37, 28, 3, 11, 13, 32, 14, 7, 74, 48, 78, 16, 39, 38, 14, 35, 40, 8, 0, 1, 57, 30, 27, 8227258065, 15, 25, 16, 14, 17, 6, 63, 32, 14, 29, 16, 20, 13, 43, 31, 30, 38, 3, 38, 40, 27, 24, 4857106481]
Free Game RNG[3000x] = [996100003, 5, 49, 9, 33, 16, 238, 28, 3898426107, 734, 128, 2, 2, 0, 0, 1, 2, 1, 0, 47, 10, 10, 14, 4, 47, 63, 3, 4, 21, 32, 9, 5, 40, 53, 59, 57, 14, 4, 23, 7, 10, 24, 15, 10, 23, 240, 17, 8, 8, 18, 0, 1, 32, 15, 28, 23, 19, 26, 18, 167, 851287410, 46, 12, 2, 17, 15, 23, 42, 13, 14, 9, 56, 11, 16, 6, 12, 32, 3, 1, 12, 19, 45, 18, 7, 95, 33, 32, 16, 17, 17, 26, 21, 19, 53, 45, 55, 75, 331, 2, 9, 15, 11, 17, 12, 15, 2, 32, 36, 67, 310, 0, 0, 38, 30, 57, 11, 41, 205, 155, 41, 654, 0, 0, 0, 981, 0, 0, 0, 0, 1, 0, 21, 26, 188, 6562863127, 18, 18, 33, 12, 29, 12, 18, 0, 19, 24, 11, 15, 49, 44, 59, 0, 140, 144, 41, 53, 14, 12, 13, 94, 338, 215, 7203697925, 23, 30, 38, 7, 29, 17, 30, 11, 5455474541, 51, 11, 8, 19, 10, 30, 41]
Free Game RNG[4000x] = [997259349, 149, 21, 45, 27, 42, 32, 31, 4106373576, 956, 527, 3, 1, 0, 0, 3, 0, 0, 0, 0, 9, 2, 34, 14, 7, 0, 4, 61, 81, 29, 62, 48, 39, 33, 772, 29, 4, 10, 27, 5, 42, 67, 696, 3, 3, 4, 8, 10, 4, 30, 53, 113, 123, 132, 0, 0, 0, 1, 1, 0, 26, 40, 23, 24, 18, 5994261054, 65, 16, 16, 11, 4, 45, 42, 2, 6, 2, 1, 14, 49, 3, 32, 10, 11, 12, 20, 37, 15, 6, 1, 5, 8, 2, 10, 23, 38, 15, 31, 22, 9, 135, 14, 4389055603, 30, 16, 38, 1, 13, 0, 118, 18, 343, 1, 13, 18, 35, 14, 34, 77, 89, 11, 32, 4, 43, 23, 48, 28, 52, 606, 45, 36, 16, 15, 23, 48, 32, 1, 12, 68, 8770002463, 15, 16, 0, 1, 14, 13, 15, 1914231391, 0, 0, 1, 32, 19, 6, 95, 62, 20, 48, 29, 29, 57, 61, 85, 40, 10, 17, 16, 8, 39, 31, 88, 100, 0, 4, 12, 8, 1, 5, 14, 5, 16, 9, 73, 51, 94, 68, 532, 1, 0, 1, 1, 35, 29, 11, 30, 1, 16, 6, 13, 23, 5, 9, 105, 83, 28, 14, 42, 20, 33, 39, 24, 22, 19, 27, 30, 28, 16, 43, 85, 47, 190, 105, 547, 390, 339412624]
Free Game RNG[5000x] = [999421154, 263, 55, 38, 15, 58, 153, 28, 3, 101, 111, 34, 128, 2, 100, 54, 9932601527, 109, 395, 0, 2, 0, 0, 2, 2, 3, 0, 0, 0, 57, 16, 15, 17, 11, 7, 36, 7891443876, 0, 4, 21, 35, 34, 6, 46, 33, 39, 35, 22, 71, 30, 50, 100, 50, 697, 6, 21, 20, 40, 24, 10, 247, 0, 6, 3, 5, 15, 25, 16, 18, 26, 97, 196, 0, 40, 34, 15, 36, 3256291264, 15, 13, 21, 14, 4, 29, 41, 232451936, 19, 4, 12, 9, 9, 28, 75, 7, 4, 13, 1, 15, 26, 16, 0, 1, 10, 51, 17, 7, 13, 47, 114, 10, 11, 858, 21, 13, 8, 18, 336, 881, 17, 16, 10, 7, 96, 29, 35, 249, 204, 9570223733, 11, 29, 6, 26, 14, 17, 108, 50, 24, 12, 5, 47, 149, 50, 73, 548, 202, 16, 10, 52, 4, 42, 25, 8, 21, 2, 11, 249, 57, 105, 162, 3, 36, 5, 7349833937, 998, 399, 2, 1, 1, 0, 0, 1, 0, 0, 13, 11, 10, 4, 14, 11, 63, 9520107266, 18, 2, 16, 7, 11, 40, 3, 24, 35, 27, 7, 19, 11, 120, 29, 2371607562, 26, 4, 13, 8, 6, 8, 22, 2698442994, 21, 15, 13, 19, 3, 25, 38, 2, 5, 0, 6, 27, 0, 3, 30, 79, 50, 48, 54, 68, 553, 64, 3, 0, 3, 38, 27, 5, 965, 0, 7, 7, 13, 10, 2, 7, 1, 0, 14, 28, 11, 31, 13, 21, 9, 4, 17, 13, 23, 13, 12, 18, 6, 32, 20, 0, 36, 13, 0, 5, 5, 29, 23, 12, 28, 57, 9, 493, 205, 473, 23, 27, 29, 3, 27, 108, 348, 9309110196, 2, 12, 3, 9, 17, 7, 17, 31, 9, 31, 10, 8, 14, 23, 45, 18, 29, 61, 201, 352, 4297990738, 13, 6, 25, 26, 28, 0, 7, 38, 0, 21, 31, 2, 32, 27, 36, 44, 10, 17, 47, 20, 29, 6, 1, 235, 315, 29, 59, 18, 7938340862]
=======================FreeGame C1 RNG INFO=======================================
Free Game C1[3] = [689955452, 254, 28, 48, 2, 10, 74, 35, 2097423308, 1940, 223, 1, 2, 0, 0, 3, 0, 1, 0, 45, 13, 21, 19, 14, 41, 66, 2, 6, 13, 41, 14, 6, 43, 63, 79, 33, 25, 54, 36, 294, 2175569608, 6, 2, 10, 2, 7, 42, 28, 26, 15, 4, 1, 4, 17, 14, 3, 11, 7, 19, 16, 1, 4, 64, 34, 45, 39, 137, 71, 147, 105, 90, 37, 0, 44, 19, 13, 52, 54, 3, 6, 7, 696, 171, 21, 25, 49, 43, 45, 26, 2, 20, 108, 4739585975, 36, 3, 1, 18, 7, 0, 77, 3, 12, 18, 8, 2, 3, 62, 61, 72, 58, 11, 18, 41, 8, 9, 4, 1, 11, 29, 11, 4, 37, 782, 3973458951, 0, 16, 3, 5, 5, 46, 20]
Free Game C1[4] = [908129984, 75, 39, 26, 45, 13, 47, 117, 655426952, 2221, 223, 3, 2, 1, 0, 2, 1, 0, 0, 2, 1, 10, 20, 30, 0, 9, 3, 1, 93, 44, 13, 31, 21, 72, 45, 67, 7, 2, 51, 9, 3262790431, 64, 16, 13, 13, 11, 37, 37, 8, 16, 12, 18, 1, 6, 41, 15, 1, 10, 12, 0, 9, 55, 3821733108, 2460, 485, 1, 1, 0, 0, 3, 2, 1, 0, 21, 38, 24, 36, 14, 14, 116, 32, 8, 7, 28, 27, 53, 101, 92, 148, 44, 26, 5, 3, 2, 15, 1, 29, 10, 2329965494, 6, 10, 10, 13, 6, 30, 8, 23, 12, 16, 18, 6, 37, 72, 29, 6, 21, 17, 31, 5, 16, 30, 17, 24, 15, 41, 123, 90, 29, 432, 826, 59, 23, 54, 31, 90, 297, 58, 14, 0, 0, 14, 28, 47, 1469640051, 52, 9, 1, 10, 2, 49, 68, 1, 2, 11, 15, 3, 12, 50, 1, 4, 3, 28, 1, 5, 69, 35, 99, 70, 14, 22, 154, 27, 49, 3, 14, 20, 11, 21, 32, 23, 9, 80, 45, 2, 28, 11, 2, 9, 56, 26, 42, 41, 8, 15, 35, 3, 21, 1060691727, 33, 0, 44, 37, 12, 9, 52, 52, 384, 322, 29, 7, 55, 82, 79, 48, 132, 237, 2, 45, 21, 33, 6, 33, 313, 46, 1, 14, 9495378178, 12, 12, 2, 15, 5, 47, 1, 7, 16, 38, 49, 14, 18, 6, 10, 10, 6, 1393322336]
Free Game C1[5] = [803358238, 192, 57, 42, 22, 16, 20, 29, 9882453589, 2374, 53, 2, 2, 0, 0, 2, 0, 1, 0, 15, 1, 0, 9, 0, 8, 3, 587973298, 2258, 740, 3, 1, 1, 0, 1, 3, 1, 2, 1, 0, 2, 8, 21, 26, 30, 4, 74, 67, 96, 39, 11, 70, 60, 98, 42, 1750732146, 25, 0, 15, 13, 1, 2, 78, 7, 5, 10, 14, 3, 2, 75, 42, 40, 25, 39, 4, 15, 50, 5, 30, 16, 26, 20, 15, 8, 19, 85, 525, 8441866949, 40, 6, 7, 6, 2, 48, 1, 13, 23, 28, 11, 15, 1, 20, 42, 15, 4, 6, 20, 11, 24, 22, 92, 108, 112, 3187355856, 64, 9, 21, 11, 10, 19, 39, 2, 8, 12, 37, 26, 4, 74, 39, 19, 37, 54, 17, 6, 38, 13, 103, 114, 21, 42, 6, 12, 11, 9, 7, 64, 146, 240, 264, 165571041, 282830628, 64, 0, 7, 1, 5, 30, 64, 23, 14, 7, 9, 6, 6, 30, 60, 2, 7, 2, 5, 17, 19, 55, 9, 14, 12, 14, 32, 70, 43, 4, 44, 13, 6, 10, 80, 20, 39, 28, 27, 18, 13, 53, 2, 15, 39, 22, 51, 12, 44, 26, 34, 42, 33, 3, 13, 24, 87, 343, 2738712205, 37, 8, 5, 2, 4, 45, 4, 14, 23, 34, 24, 21, 6, 55, 44, 8, 35, 17, 0, 31, 673, 54, 0, 11, 17, 459, 6251644722, 36, 7, 0, 11, 0, 33, 14, 4331057210, 8, 1, 7, 16, 10, 36, 77, 2508020715, 3, 1, 2, 2, 1]
=======================整場TopUpGame 倍數=======================================
=======================by Game Data=======================================
BG_HitFG_C1Count[4] = 500000
BG_eliminateSymbolHit[10][2] = 12041
BG_eliminateSymbolHit[10][3] = 4949
BG_eliminateSymbolHit[10][4] = 1297
BG_eliminateSymbolHit[10][5] = 7041
BG_eliminateSymbolHit[11][2] = 9678
BG_eliminateSymbolHit[11][3] = 808
BG_eliminateSymbolHit[11][4] = 595
BG_eliminateSymbolHit[11][5] = 228
BG_eliminateSymbolHit[2][2] = 3834
BG_eliminateSymbolHit[2][3] = 717
BG_eliminateSymbolHit[2][4] = 878
BG_eliminateSymbolHit[2][5] = 21
BG_eliminateSymbolHit[3][2] = 657
BG_eliminateSymbolHit[3][3] = 152
BG_eliminateSymbolHit[3][4] = 643
BG_eliminateSymbolHit[3][5] = 13
BG_eliminateSymbolHit[4][2] = 6329
BG_eliminateSymbolHit[4][3] = 1841
BG_eliminateSymbolHit[4][4] = 2687
BG_eliminateSymbolHit[4][5] = 2249
BG_eliminateSymbolHit[5][2] = 2518
BG_eliminateSymbolHit[5][3] = 650
BG_eliminateSymbolHit[5][4] = 179
BG_eliminateSymbolHit[5][5] = 1400
BG_eliminateSymbolHit[6][2] = 1961
BG_eliminateSymbolHit[6][3] = 96
BG_eliminateSymbolHit[6][4] = 356
BG_eliminateSymbolHit[6][5] = 382
BG_eliminateSymbolHit[7][2] = 5381
BG_eliminateSymbolHit[7][3] = 1497
BG_eliminateSymbolHit[7][4] = 289
BG_eliminateSymbolHit[7][5] = 2251
BG_eliminateSymbolHit[8][2] = 1483
BG_eliminateSymbolHit[8][3] = 1225
BG_eliminateSymbolHit[8][4] = 1271
BG_eliminateSymbolHit[8][5] = 568
BG_eliminateSymbolHit[9][2] = 3671
BG_eliminateSymbolHit[9][3] = 4922
BG_eliminateSymbolHit[9][4] = 1272
BG_eliminateSymbolHit[9][5] = 4946
BaseGameCombo[0] = 447613
BaseGameCombo[1] = 34163
BaseGameCombo[2] = 9491
BaseGameCombo[3] = 4584
BaseGameCombo[4] = 2763
BaseGameCombo[5] = 1130
BaseGameCombo[6] = 223
BaseGameCombo[7] = 29
BaseGameCombo[8] = 4
FG_MaxMultiplier[100] = 46066
FG_MaxMultiplier[110] = 20107
FG_MaxMultiplier[120] = 7379
FG_MaxMultiplier[130] = 2482
FG_MaxMultiplier[140] = 904
FG_MaxMultiplier[150] = 391
FG_MaxMultiplier[160] = 230
FG_MaxMultiplier[170] = 192
FG_MaxMultiplier[180] = 193
FG_MaxMultiplier[190] = 216
FG_MaxMultiplier[200] = 193
FG_MaxMultiplier[210] = 198
FG_MaxMultiplier[220] = 150
FG_MaxMultiplier[230] = 148
FG_MaxMultiplier[240] = 85
FG_MaxMultiplier[250] = 74
FG_MaxMultiplier[260] = 51
FG_MaxMultiplier[270] = 42
FG_MaxMultiplier[280] = 54
FG_MaxMultiplier[290] = 32
FG_MaxMultiplier[300] = 23
FG_MaxMultiplier[30] = 279
FG_MaxMultiplier[310] = 15
FG_MaxMultiplier[320] = 11
FG_MaxMultiplier[330] = 5
FG_MaxMultiplier[340] = 5
FG_MaxMultiplier[350] = 3
FG_MaxMultiplier[360] = 2
FG_MaxMultiplier[40] = 4627
FG_MaxMultiplier[50] = 27345
FG_MaxMultiplier[60] = 74978
FG_MaxMultiplier[70] = 114754
FG_MaxMultiplier[80] = 115356
FG_MaxMultiplier[90] = 83410
FG_Retrigger_C1Count[0] = 318
FG_Retrigger_C1Count[1] = 1911
FG_Retrigger_C1Count[2] = 2354
FG_Retrigger_C1Count[3] = 959
FG_Retrigger_C1Count[4] = 38
FG_Retrigger_C1Count[5] = 2
FG_eliminateSymbolHit[10][2] = 66138
FG_eliminateSymbolHit[10][3] = 35024
FG_eliminateSymbolHit[10][4] = 14956
FG_eliminateSymbolHit[10][5] = 8764
FG_eliminateSymbolHit[11][2] = 1581599
FG_eliminateSymbolHit[11][3] = 311609
FG_eliminateSymbolHit[11][4] = 83953
FG_eliminateSymbolHit[11][5] = 99302
FG_eliminateSymbolHit[2][2] = 23705
FG_eliminateSymbolHit[2][3] = 9708
FG_eliminateSymbolHit[2][4] = 3571
FG_eliminateSymbolHit[2][5] = 3154
FG_eliminateSymbolHit[3][2] = 190506
FG_eliminateSymbolHit[3][3] = 117747
FG_eliminateSymbolHit[3][4] = 26342
FG_eliminateSymbolHit[3][5] = 501
FG_eliminateSymbolHit[4][2] = 1037864
FG_eliminateSymbolHit[4][3] = 244232
FG_eliminateSymbolHit[4][4] = 15892
FG_eliminateSymbolHit[4][5] = 47630
FG_eliminateSymbolHit[5][2] = 145289
FG_eliminateSymbolHit[5][3] = 98803
FG_eliminateSymbolHit[5][4] = 3459
FG_eliminateSymbolHit[5][5] = 4
FG_eliminateSymbolHit[6][2] = 550348
FG_eliminateSymbolHit[6][3] = 741942
FG_eliminateSymbolHit[6][4] = 619951
FG_eliminateSymbolHit[6][5] = 3214
FG_eliminateSymbolHit[7][2] = 37927
FG_eliminateSymbolHit[7][3] = 59402
FG_eliminateSymbolHit[7][4] = 172272
FG_eliminateSymbolHit[7][5] = 134589
FG_eliminateSymbolHit[8][2] = 1244311
FG_eliminateSymbolHit[8][3] = 612148
FG_eliminateSymbolHit[8][4] = 171194
FG_eliminateSymbolHit[8][5] = 424192
FG_eliminateSymbolHit[9][2] = 360151
FG_eliminateSymbolHit[9][3] = 209355
FG_eliminateSymbolHit[9][4] = 253805
FG_eliminateSymbolHit[9][5] = 384767
FreeGameCombo[0] = 2299674
FreeGameCombo[1] = 558195
FreeGameCombo[2] = 734359
FreeGameCombo[3] = 287178
FreeGameCombo[4] = 160119
FreeGameCombo[5] = 17270
FreeGameCombo[6] = 4346
FreeGameCombo[7] = 107
FreeGameCombo[8] = 2
baseHaveatleast1C1 = 500000
bgTotal = 500000
fgHaveatleast1C1 = 2163487
fgTotal = 4061250
ComboRate = 53269740000
=======================RNG INFO=======================================
